x[m],y[m],z[m],dirx[m^2A],diry[m^2A],dirz[m^2A],rotation_xy[rad]
-0.0585,0.2721,-0.0461,0.0000e+00,-2.2999e-08,-3.0844e-09,3.2749
-0.0585,0.2743,-0.0308,0.0000e+00,-2.3176e-08,-1.1554e-09,3.1914
-0.0585,0.2756,-0.0154,0.0000e+00,-2.3197e-08,6.0324e-10,3.1156
-0.0585,0.2760,0.0000,0.0000e+00,-2.3097e-08,2.2387e-09,3.0450
-0.0585,0.2756,0.0154,0.0000e+00,-2.2891e-08,3.8007e-09,2.9771
-0.0585,0.2743,0.0308,0.0000e+00,-2.2601e-08,5.2602e-09,2.9129
-0.0585,0.2721,0.0461,0.0000e+00,-2.2231e-08,6.6524e-09,2.8508
-0.0585,0.2587,0.0961,0.0000e+00,-2.0220e-08,1.1385e-08,2.6288
-0.0585,0.2529,0.1104,0.0000e+00,-1.9138e-08,1.3123e-08,2.5405
-0.0585,0.2464,0.1244,0.0000e+00,-1.5082e-08,1.7635e-08,2.2783
-0.0585,0.2390,0.1380,0.0000e+00,2.3205e-08,8.5098e-11,0.0037
-0.0585,0.2309,0.1512,0.0000e+00,2.3205e-08,7.9173e-14,0.0000
-0.0585,0.2221,0.1638,0.0000e+00,2.3205e-08,1.2607e-14,0.0000
-0.0585,0.2126,0.1760,0.0000e+00,2.3205e-08,6.8849e-17,0.0000
-0.0585,0.1760,0.2126,0.0000e+00,2.3205e-08,4.5665e-22,0.0000
-0.0585,0.1638,0.2221,0.0000e+00,2.3205e-08,3.1882e-22,0.0000
-0.0585,0.1512,0.2309,0.0000e+00,2.3205e-08,3.2343e-22,0.0000
-0.0585,0.1380,0.2390,0.0000e+00,2.3205e-08,1.5544e-21,0.0000
-0.0585,0.1244,0.2464,0.0000e+00,2.3205e-08,2.5371e-23,0.0000
-0.0585,0.1104,0.2529,0.0000e+00,-8.1744e-09,-2.1717e-08,4.3524
-0.0585,0.0961,0.2587,0.0000e+00,-8.8690e-09,-2.1443e-08,4.3202
-0.0585,0.0461,0.2721,0.0000e+00,-8.8502e-09,-2.1451e-08,4.3211
-0.0585,0.0308,0.2743,0.0000e+00,-8.4876e-09,-2.1597e-08,4.3379
-0.0585,0.0154,0.2756,0.0000e+00,2.3205e-08,2.0492e-16,0.0000
-0.0585,0.0000,0.2760,0.0000e+00,2.3205e-08,4.9806e-17,0.0000
-0.0585,-0.0154,0.2756,0.0000e+00,2.3205e-08,2.4720e-14,0.0000
-0.0585,-0.0308,0.2743,0.0000e+00,2.3205e-08,9.4336e-14,0.0000
-0.0585,-0.0461,0.2721,0.0000e+00,2.3205e-08,4.8421e-13,0.0000
-0.0585,-0.0961,0.2587,0.0000e+00,2.1174e-08,9.4941e-09,0.4215
-0.0585,-0.1104,0.2529,0.0000e+00,1.3907e-08,1.8576e-08,0.9281
-0.0585,-0.1244,0.2464,0.0000e+00,1.6605e-08,1.6210e-08,0.7734
-0.0585,-0.1380,0.2390,0.0000e+00,2.3205e-08,-3.0556e-16,6.2832
-0.0585,-0.1512,0.2309,0.0000e+00,2.0600e-08,1.0683e-08,0.4784
-0.0585,-0.1638,0.2221,0.0000e+00,2.1975e-08,7.4547e-09,0.3271
-0.0585,-0.1760,0.2126,0.0000e+00,2.2854e-08,4.0177e-09,0.1740
-0.0585,-0.2126,0.1760,0.0000e+00,2.1972e-08,-7.4638e-09,5.9557
-0.0585,-0.2221,0.1638,0.0000e+00,2.0684e-08,-1.0519e-08,5.8127
-0.0585,-0.2309,0.1512,0.0000e+00,1.9014e-08,-1.3301e-08,5.6728
-0.0585,-0.2390,0.1380,0.0000e+00,2.3205e-08,1.8587e-32,0.0000
-0.0585,-0.2464,0.1244,0.0000e+00,2.3205e-08,2.7801e-34,0.0000
-0.0585,-0.2529,0.1104,0.0000e+00,1.2091e-08,-1.9806e-08,5.2605
-0.0585,-0.2587,0.0961,0.0000e+00,9.1578e-09,-2.1321e-08,5.1181
-0.0585,-0.2721,0.0461,0.0000e+00,-4.4982e-09,-2.2765e-08,4.5173
-0.0585,-0.2743,0.0308,0.0000e+00,-1.0716e-08,-2.0582e-08,4.2324
-0.0585,-0.2756,0.0154,0.0000e+00,-1.8084e-08,-1.4541e-08,3.8188
-0.0585,-0.2760,0.0000,0.0000e+00,-2.3105e-08,-2.1447e-09,3.2342
-0.0585,-0.2756,-0.0154,0.0000e+00,-2.0191e-08,1.1436e-08,2.6263
-0.0585,-0.2743,-0.0308,0.0000e+00,-1.3295e-08,1.9019e-08,2.1809
-0.0585,-0.2721,-0.0461,0.0000e+00,-7.0018e-09,2.2123e-08,1.8773
-0.0585,-0.2587,-0.0961,0.0000e+00,7.1212e-09,2.2085e-08,1.2589
-0.0585,-0.2529,-0.1104,0.0000e+00,1.0208e-08,2.0839e-08,1.1153
-0.0585,-0.2464,-0.1244,0.0000e+00,1.2984e-08,1.9232e-08,0.9770
-0.0585,-0.2390,-0.1380,0.0000e+00,1.5495e-08,1.7273e-08,0.8396
-0.0585,-0.2309,-0.1512,0.0000e+00,1.7732e-08,1.4968e-08,0.7011
-0.0585,-0.2221,-0.1638,0.0000e+00,1.9663e-08,1.2322e-08,0.5598
-0.0585,-0.2126,-0.1760,0.0000e+00,2.1232e-08,9.3640e-09,0.4154
-0.0585,-0.1760,-0.2126,0.0000e+00,2.3205e-08,4.4494e-12,0.0002
-0.0585,-0.1638,-0.2221,0.0000e+00,2.3205e-08,1.0091e-14,0.0000
-0.0585,-0.1512,-0.2309,0.0000e+00,2.3205e-08,5.8199e-16,0.0000
-0.0585,-0.1380,-0.2390,0.0000e+00,2.3205e-08,2.8828e-15,0.0000
-0.0585,-0.1244,-0.2464,0.0000e+00,2.3205e-08,6.1514e-16,0.0000
-0.0585,-0.1104,-0.2529,0.0000e+00,1.9656e-08,-1.2333e-08,5.7228
-0.0585,-0.0961,-0.2587,0.0000e+00,2.0091e-08,-1.1611e-08,5.7591
-0.0585,-0.0461,-0.2721,0.0000e+00,1.7571e-08,1.5157e-08,0.7118
-0.0585,-0.0308,-0.2743,0.0000e+00,2.3198e-08,-5.5458e-10,6.2593
-0.0585,-0.0154,-0.2756,0.0000e+00,-8.0815e-09,2.1752e-08,1.9265
-0.0585,-0.0000,-0.2760,0.0000e+00,-1.0197e-08,2.0845e-08,2.0257
-0.0585,0.0154,-0.2756,0.0000e+00,-1.0154e-08,2.0865e-08,2.0237
-0.0585,0.0308,-0.2743,0.0000e+00,-9.0700e-09,2.1359e-08,1.9724
-0.0585,0.0461,-0.2721,0.0000e+00,-7.3358e-09,2.2015e-08,1.8924
-0.0585,0.0961,-0.2587,0.0000e+00,1.0989e-09,2.3179e-08,1.5234
-0.0585,0.1104,-0.2529,0.0000e+00,4.0065e-09,2.2856e-08,1.3973
-0.0585,0.1244,-0.2464,0.0000e+00,6.9639e-09,2.2135e-08,1.2660
-0.0585,0.1380,-0.2390,0.0000e+00,9.8858e-09,2.0994e-08,1.1307
-0.0585,0.1512,-0.2309,0.0000e+00,1.2745e-08,1.9391e-08,0.9893
-0.0585,0.1638,-0.2221,0.0000e+00,1.5458e-08,1.7306e-08,0.8417
-0.0585,0.1760,-0.2126,0.0000e+00,1.7994e-08,1.4651e-08,0.6833
-0.0585,0.2126,-0.1760,0.0000e+00,2.3204e-08,-1.7758e-10,6.2755
-0.0585,0.2221,-0.1638,0.0000e+00,2.1998e-08,-7.3857e-09,5.9593
-0.0585,0.2309,-0.1512,0.0000e+00,1.6897e-08,-1.5904e-08,5.5281
-0.0585,0.2390,-0.1380,0.0000e+00,5.9263e-09,-2.2435e-08,4.9706
-0.0585,0.2464,-0.1244,0.0000e+00,-6.7320e-09,-2.2207e-08,4.4180
-0.0585,0.2529,-0.1104,0.0000e+00,-1.5009e-08,-1.7697e-08,4.0090
-0.0585,0.2587,-0.0961,0.0000e+00,-1.9237e-08,-1.2977e-08,3.7350
-0.0405,0.2721,-0.0461,0.0000e+00,-2.3131e-08,-1.8526e-09,3.2215
-0.0405,0.2743,-0.0308,0.0000e+00,-2.3118e-08,-2.0069e-09,3.2282
-0.0405,0.2756,-0.0154,0.0000e+00,-2.3159e-08,-1.4572e-09,3.2044
-0.0405,0.2760,0.0000,0.0000e+00,-2.3200e-08,-4.5481e-10,3.1612
-0.0405,0.2756,0.0154,0.0000e+00,-2.3193e-08,7.5356e-10,3.1091
-0.0405,0.2743,0.0308,0.0000e+00,-2.3123e-08,1.9471e-09,3.0576
-0.0405,0.2721,0.0461,0.0000e+00,-2.3018e-08,2.9380e-09,3.0146
-0.0405,0.2587,0.0961,0.0000e+00,-2.3203e-08,3.1579e-10,3.1280
-0.0405,0.2529,0.1104,0.0000e+00,-2.2214e-08,-6.7067e-09,3.4348
-0.0405,0.2464,0.1244,0.0000e+00,-1.5088e-08,-1.7630e-08,4.0045
-0.0405,0.2390,0.1380,0.0000e+00,-5.7738e-09,-2.2475e-08,4.4609
-0.0405,0.2309,0.1512,0.0000e+00,2.3205e-08,6.8582e-17,0.0000
-0.0405,0.2221,0.1638,0.0000e+00,2.3205e-08,1.5184e-19,0.0000
-0.0405,0.2126,0.1760,0.0000e+00,2.3205e-08,3.0036e-21,0.0000
-0.0405,0.1760,0.2126,0.0000e+00,2.3205e-08,8.6932e-25,0.0000
-0.0405,0.1638,0.2221,0.0000e+00,2.3205e-08,3.6094e-24,0.0000
-0.0405,0.1512,0.2309,0.0000e+00,2.3205e-08,7.1294e-23,0.0000
-0.0405,0.1380,0.2390,0.0000e+00,2.3205e-08,1.5714e-21,0.0000
-0.0405,0.1244,0.2464,0.0000e+00,2.3205e-08,3.3669e-20,0.0000
-0.0405,0.1104,0.2529,0.0000e+00,-1.5340e-08,-1.7411e-08,3.9901
-0.0405,0.0961,0.2587,0.0000e+00,-1.5487e-08,-1.7280e-08,3.9817
-0.0405,0.0461,0.2721,0.0000e+00,2.3205e-08,3.6770e-12,0.0002
-0.0405,0.0308,0.2743,0.0000e+00,2.3205e-08,1.0487e-13,0.0000
-0.0405,0.0154,0.2756,0.0000e+00,2.3205e-08,8.4115e-12,0.0004
-0.0405,0.0000,0.2760,0.0000e+00,2.3205e-08,5.5091e-12,0.0002
-0.0405,-0.0154,0.2756,0.0000e+00,2.3205e-08,1.1928e-12,0.0001
-0.0405,-0.0308,0.2743,0.0000e+00,2.3205e-08,2.7292e-13,0.0000
-0.0405,-0.0461,0.2721,0.0000e+00,2.3205e-08,3.1796e-14,0.0000
-0.0405,-0.0961,0.2587,0.0000e+00,2.3205e-08,2.4001e-15,0.0000
-0.0405,-0.1104,0.2529,0.0000e+00,2.3205e-08,9.3081e-14,0.0000
-0.0405,-0.1244,0.2464,0.0000e+00,2.3205e-08,5.3599e-13,0.0000
-0.0405,-0.1380,0.2390,0.0000e+00,2.3205e-08,1.0662e-11,0.0005
-0.0405,-0.1512,0.2309,0.0000e+00,2.3205e-08,2.9994e-11,0.0013
-0.0405,-0.1638,0.2221,0.0000e+00,2.3205e-08,4.0605e-11,0.0017
-0.0405,-0.1760,0.2126,0.0000e+00,2.3205e-08,6.1640e-13,0.0000
-0.0405,-0.2126,0.1760,0.0000e+00,2.3205e-08,2.5094e-23,0.0000
-0.0405,-0.2221,0.1638,0.0000e+00,2.3205e-08,3.2585e-27,0.0000
-0.0405,-0.2309,0.1512,0.0000e+00,2.3205e-08,1.8969e-29,0.0000
-0.0405,-0.2390,0.1380,0.0000e+00,2.3205e-08,2.2789e-31,0.0000
-0.0405,-0.2464,0.1244,0.0000e+00,2.3205e-08,7.9563e-33,0.0000
-0.0405,-0.2529,0.1104,0.0000e+00,1.0884e-08,-2.0494e-08,5.2006
-0.0405,-0.2587,0.0961,0.0000e+00,7.8788e-09,-2.1826e-08,5.0588
-0.0405,-0.2721,0.0461,0.0000e+00,-6.4958e-09,-2.2277e-08,4.4287
-0.0405,-0.2743,0.0308,0.0000e+00,-1.3035e-08,-1.9198e-08,4.1159
-0.0405,-0.2756,0.0154,0.0000e+00,-2.0067e-08,-1.1652e-08,3.6677
-0.0405,-0.2760,0.0000,0.0000e+00,-2.3168e-08,1.3142e-09,3.0849
-0.0405,-0.2756,-0.0154,0.0000e+00,-1.9072e-08,1.3219e-08,2.5355
-0.0405,-0.2743,-0.0308,0.0000e+00,-1.2448e-08,1.9584e-08,2.1370
-0.0405,-0.2721,-0.0461,0.0000e+00,-6.5234e-09,2.2269e-08,1.8558
-0.0405,-0.2587,-0.0961,0.0000e+00,7.0693e-09,2.2102e-08,1.2612
-0.0405,-0.2529,-0.1104,0.0000e+00,1.0067e-08,2.0907e-08,1.1220
-0.0405,-0.2464,-0.1244,0.0000e+00,1.2766e-08,1.9377e-08,0.9882
-0.0405,-0.2390,-0.1380,0.0000e+00,1.5227e-08,1.7510e-08,0.8550
-0.0405,-0.2309,-0.1512,0.0000e+00,1.7434e-08,1.5314e-08,0.7207
-0.0405,-0.2221,-0.1638,0.0000e+00,1.9353e-08,1.2803e-08,0.5845
-0.0405,-0.2126,-0.1760,0.0000e+00,2.0928e-08,1.0025e-08,0.4467
-0.0405,-0.1760,-0.2126,0.0000e+00,2.3195e-08,6.6045e-10,0.0285
-0.0405,-0.1638,-0.2221,0.0000e+00,2.3205e-08,3.8148e-11,0.0016
-0.0405,-0.1512,-0.2309,0.0000e+00,2.3205e-08,3.9342e-13,0.0000
-0.0405,-0.1380,-0.2390,0.0000e+00,2.3205e-08,6.0738e-14,0.0000
-0.0405,-0.1244,-0.2464,0.0000e+00,2.3205e-08,6.2784e-11,0.0027
-0.0405,-0.1104,-0.2529,0.0000e+00,2.3194e-08,7.1995e-10,0.0310
-0.0405,-0.0961,-0.2587,0.0000e+00,2.3068e-08,2.5158e-09,0.1086
-0.0405,-0.0461,-0.2721,0.0000e+00,2.2363e-08,6.1931e-09,0.2702
-0.0405,-0.0308,-0.2743,0.0000e+00,2.1975e-08,7.4540e-09,0.3270
-0.0405,-0.0154,-0.2756,0.0000e+00,2.1111e-08,9.6327e-09,0.4281
-0.0405,-0.0000,-0.2760,0.0000e+00,2.3205e-08,-6.8650e-15,6.2832
-0.0405,0.0154,-0.2756,0.0000e+00,2.3205e-08,-2.8315e-15,6.2832
-0.0405,0.0308,-0.2743,0.0000e+00,2.3205e-08,-6.6215e-16,6.2832
-0.0405,0.0461,-0.2721,0.0000e+00,9.9166e-09,2.0979e-08,1.1292
-0.0405,0.0961,-0.2587,0.0000e+00,9.2730e-09,2.1271e-08,1.1597
-0.0405,0.1104,-0.2529,0.0000e+00,1.0270e-08,2.0808e-08,1.1123
-0.0405,0.1244,-0.2464,0.0000e+00,1.1388e-08,2.0218e-08,1.0578
-0.0405,0.1380,-0.2390,0.0000e+00,2.3205e-08,-4.3039e-18,6.2832
-0.0405,0.1512,-0.2309,0.0000e+00,2.3205e-08,-2.8958e-17,6.2832
-0.0405,0.1638,-0.2221,0.0000e+00,1.3924e-08,1.8563e-08,0.9272
-0.0405,0.1760,-0.2126,0.0000e+00,1.4085e-08,1.8441e-08,0.9185
-0.0405,0.2126,-0.1760,0.0000e+00,1.5824e-09,2.3151e-08,1.5025
-0.0405,0.2221,-0.1638,0.0000e+00,-1.0585e-08,2.0650e-08,2.0445
-0.0405,0.2309,-0.1512,0.0000e+00,-1.7822e-08,1.4861e-08,2.4465
-0.0405,0.2390,-0.1380,0.0000e+00,-2.0469e-08,1.0932e-08,2.6511
-0.0405,0.2464,-0.1244,0.0000e+00,-2.1586e-08,8.5148e-09,2.7659
-0.0405,0.2529,-0.1104,0.0000e+00,-2.2274e-08,6.5046e-09,2.8575
-0.0405,0.2587,-0.0961,0.0000e+00,-2.2800e-08,4.3147e-09,2.9546
0.0045,0.2721,-0.0461,0.0000e+00,-2.0377e-08,-1.1101e-08,3.6404
0.0045,0.2743,-0.0308,0.0000e+00,-2.1025e-08,-9.8182e-09,3.5785
0.0045,0.2756,-0.0154,0.0000e+00,-2.1880e-08,-7.7296e-09,3.4812
0.0045,0.2760,0.0000,0.0000e+00,-2.2644e-08,-5.0722e-09,3.3620
0.0045,0.2756,0.0154,0.0000e+00,-2.3115e-08,-2.0434e-09,3.2298
0.0045,0.2743,0.0308,0.0000e+00,-2.3175e-08,1.1754e-09,3.0909
0.0045,0.2721,0.0461,0.0000e+00,-2.2778e-08,4.4291e-09,2.9495
0.0045,0.2587,0.0961,0.0000e+00,-1.8343e-08,1.4213e-08,2.4824
0.0045,0.2529,0.1104,0.0000e+00,-1.6220e-08,1.6594e-08,2.3448
0.0045,0.2464,0.1244,0.0000e+00,-1.3742e-08,1.8698e-08,2.2046
0.0045,0.2390,0.1380,0.0000e+00,-1.0727e-08,2.0577e-08,2.0514
0.0045,0.2309,0.1512,0.0000e+00,-2.3129e-08,1.8680e-09,3.0610
0.0045,0.2221,0.1638,0.0000e+00,2.3205e-08,1.2963e-13,0.0000
0.0045,0.2126,0.1760,0.0000e+00,2.3205e-08,3.5020e-17,0.0000
0.0045,0.1760,0.2126,0.0000e+00,2.3205e-08,2.8026e-23,0.0000
0.0045,0.1638,0.2221,0.0000e+00,2.3205e-08,6.2771e-23,0.0000
0.0045,0.1512,0.2309,0.0000e+00,2.3205e-08,2.8826e-22,0.0000
0.0045,0.1380,0.2390,0.0000e+00,2.3205e-08,3.5477e-20,0.0000
0.0045,0.1244,0.2464,0.0000e+00,-1.5457e-08,-1.7308e-08,3.9834
0.0045,0.1104,0.2529,0.0000e+00,2.3205e-08,4.0143e-17,0.0000
0.0045,0.0961,0.2587,0.0000e+00,-1.7947e-08,-1.4710e-08,3.8282
0.0045,0.0461,0.2721,0.0000e+00,2.3204e-08,-2.3428e-10,6.2731
0.0045,0.0308,0.2743,0.0000e+00,2.2471e-08,5.7909e-09,0.2522
0.0045,0.0154,0.2756,0.0000e+00,2.2777e-08,4.4339e-09,0.1923
0.0045,0.0000,0.2760,0.0000e+00,2.3035e-08,2.8002e-09,0.1210
0.0045,-0.0154,0.2756,0.0000e+00,2.3184e-08,9.8091e-10,0.0423
0.0045,-0.0308,0.2743,0.0000e+00,2.3179e-08,-1.0929e-09,6.2361
0.0045,-0.0461,0.2721,0.0000e+00,2.2974e-08,-3.2622e-09,6.1421
0.0045,-0.0961,0.2587,0.0000e+00,2.3205e-08,1.6623e-18,0.0000
0.0045,-0.1104,0.2529,0.0000e+00,2.3205e-08,7.1602e-20,0.0000
0.0045,-0.1244,0.2464,0.0000e+00,2.3205e-08,2.2095e-20,0.0000
0.0045,-0.1380,0.2390,0.0000e+00,2.3205e-08,1.1082e-20,0.0000
0.0045,-0.1512,0.2309,0.0000e+00,2.3205e-08,8.2267e-20,0.0000
0.0045,-0.1638,0.2221,0.0000e+00,2.3205e-08,3.3514e-18,0.0000
0.0045,-0.1760,0.2126,0.0000e+00,-2.0840e-09,-2.3111e-08,4.6225
0.0045,-0.2126,0.1760,0.0000e+00,-2.2005e-08,-7.3649e-09,3.4646
0.0045,-0.2221,0.1638,0.0000e+00,-2.3186e-08,-9.2232e-10,3.1814
0.0045,-0.2309,0.1512,0.0000e+00,-2.2750e-08,4.5704e-09,2.9433
0.0045,-0.2390,0.1380,0.0000e+00,-2.1331e-08,9.1360e-09,2.7369
0.0045,-0.2464,0.1244,0.0000e+00,-1.9276e-08,1.2918e-08,2.5512
0.0045,-0.2529,0.1104,0.0000e+00,-1.6831e-08,1.5974e-08,2.3823
0.0045,-0.2587,0.0961,0.0000e+00,-1.4252e-08,1.8313e-08,2.2321
0.0045,-0.2721,0.0461,0.0000e+00,-8.1830e-09,2.1714e-08,1.9312
0.0045,-0.2743,0.0308,0.0000e+00,-7.4170e-09,2.1988e-08,1.8961
0.0045,-0.2756,0.0154,0.0000e+00,-6.4568e-09,2.2288e-08,1.8528
0.0045,-0.2760,0.0000,0.0000e+00,-4.7876e-09,2.2706e-08,1.7786
0.0045,-0.2756,-0.0154,0.0000e+00,-1.8475e-09,2.3131e-08,1.6505
0.0045,-0.2743,-0.0308,0.0000e+00,3.7410e-09,2.2901e-08,1.4089
0.0045,-0.2721,-0.0461,0.0000e+00,2.2668e-08,4.9614e-09,0.2155
0.0045,-0.2587,-0.0961,0.0000e+00,2.3205e-08,4.2166e-14,0.0000
0.0045,-0.2529,-0.1104,0.0000e+00,2.3205e-08,4.2336e-15,0.0000
0.0045,-0.2464,-0.1244,0.0000e+00,2.3205e-08,1.6076e-14,0.0000
0.0045,-0.2390,-0.1380,0.0000e+00,2.3205e-08,1.2645e-12,0.0001
0.0045,-0.2309,-0.1512,0.0000e+00,2.3205e-08,5.8986e-12,0.0003
0.0045,-0.2221,-0.1638,0.0000e+00,-2.0304e-08,-1.1235e-08,3.6470
0.0045,-0.2126,-0.1760,0.0000e+00,-1.3745e-08,-1.8696e-08,4.0784
0.0045,-0.1760,-0.2126,0.0000e+00,2.2813e-08,-4.2487e-09,6.0991
0.0045,-0.1638,-0.2221,0.0000e+00,2.3201e-08,3.9299e-10,0.0169
0.0045,-0.1512,-0.2309,0.0000e+00,2.3203e-08,3.0626e-10,0.0132
0.0045,-0.1380,-0.2390,0.0000e+00,2.3202e-08,3.3844e-10,0.0146
0.0045,-0.1244,-0.2464,0.0000e+00,2.3196e-08,6.4446e-10,0.0278
0.0045,-0.1104,-0.2529,0.0000e+00,2.3173e-08,1.2106e-09,0.0522
0.0045,-0.0961,-0.2587,0.0000e+00,2.3199e-08,-5.1178e-10,6.2611
0.0045,-0.0461,-0.2721,0.0000e+00,2.3205e-08,-1.7735e-12,6.2831
0.0045,-0.0308,-0.2743,0.0000e+00,2.3205e-08,-1.6679e-14,6.2832
0.0045,-0.0154,-0.2756,0.0000e+00,1.5929e-08,1.6874e-08,0.8142
0.0045,-0.0000,-0.2760,0.0000e+00,2.3205e-08,-9.8044e-19,6.2832
0.0045,0.0154,-0.2756,0.0000e+00,1.2791e-08,1.9361e-08,0.9870
0.0045,0.0308,-0.2743,0.0000e+00,2.3205e-08,-1.6536e-19,6.2832
0.0045,0.0461,-0.2721,0.0000e+00,1.2955e-08,1.9252e-08,0.9785
0.0045,0.0961,-0.2587,0.0000e+00,2.3205e-08,-2.4583e-21,6.2832
0.0045,0.1104,-0.2529,0.0000e+00,2.3205e-08,-2.2360e-19,6.2832
0.0045,0.1244,-0.2464,0.0000e+00,2.3205e-08,-1.3016e-16,6.2832
0.0045,0.1380,-0.2390,0.0000e+00,2.0598e-08,1.0687e-08,0.4786
0.0045,0.1512,-0.2309,0.0000e+00,2.1460e-08,8.8275e-09,0.3902
0.0045,0.1638,-0.2221,0.0000e+00,2.2137e-08,6.9570e-09,0.3045
0.0045,0.1760,-0.2126,0.0000e+00,2.2604e-08,5.2480e-09,0.2281
0.0045,0.2126,-0.1760,0.0000e+00,-2.3184e-08,9.9155e-10,3.0988
0.0045,0.2221,-0.1638,0.0000e+00,-2.3116e-08,2.0316e-09,3.0539
0.0045,0.2309,-0.1512,0.0000e+00,-2.3047e-08,2.7032e-09,3.0248
0.0045,0.2390,-0.1380,0.0000e+00,-2.3051e-08,2.6654e-09,3.0265
0.0045,0.2464,-0.1244,0.0000e+00,-2.3158e-08,1.4731e-09,3.0781
0.0045,0.2529,-0.1104,0.0000e+00,-2.3168e-08,-1.2991e-09,3.1976
0.0045,0.2587,-0.0961,0.0000e+00,-2.2590e-08,-5.3054e-09,3.3723
0.1215,0.2721,-0.0461,0.0000e+00,-1.6237e-08,-1.6578e-08,3.9374
0.1215,0.2743,-0.0308,0.0000e+00,-1.9436e-08,-1.2676e-08,3.7195
0.1215,0.2756,-0.0154,0.0000e+00,-2.1857e-08,-7.7928e-09,3.4841
0.1215,0.2760,0.0000,0.0000e+00,-2.3101e-08,-2.1959e-09,3.2364
0.1215,0.2756,0.0154,0.0000e+00,-2.2920e-08,3.6249e-09,2.9847
0.1215,0.2743,0.0308,0.0000e+00,-2.1341e-08,9.1112e-09,2.7381
0.1215,0.2721,0.0461,0.0000e+00,-1.8642e-08,1.3818e-08,2.5037
0.1215,0.2587,0.0961,0.0000e+00,-6.1036e-09,2.2388e-08,1.8370
0.1215,0.2529,0.1104,0.0000e+00,-2.2964e-09,2.3091e-08,1.6699
0.1215,0.2464,0.1244,0.0000e+00,1.3178e-09,2.3167e-08,1.5140
0.1215,0.2390,0.1380,0.0000e+00,4.6845e-09,2.2727e-08,1.3675
0.1215,0.2309,0.1512,0.0000e+00,7.7751e-09,2.1863e-08,1.2291
0.1215,0.2221,0.1638,0.0000e+00,1.0586e-08,2.0649e-08,1.0971
0.1215,0.2126,0.1760,0.0000e+00,1.3092e-08,1.9159e-08,0.9714
0.1215,0.1760,0.2126,0.0000e+00,2.3205e-08,-2.6294e-23,6.2832
0.1215,0.1638,0.2221,0.0000e+00,2.0611e-08,1.0661e-08,0.4774
0.1215,0.1512,0.2309,0.0000e+00,2.1593e-08,8.4963e-09,0.3749
0.1215,0.1380,0.2390,0.0000e+00,2.2325e-08,6.3306e-09,0.2763
0.1215,0.1244,0.2464,0.0000e+00,2.2818e-08,4.2199e-09,0.1829
0.1215,0.1104,0.2529,0.0000e+00,2.3100e-08,2.1999e-09,0.0949
0.1215,0.0961,0.2587,0.0000e+00,2.3202e-08,3.6332e-10,0.0157
0.1215,0.0461,0.2721,0.0000e+00,2.3205e-08,2.0127e-17,0.0000
0.1215,0.0308,0.2743,0.0000e+00,2.3205e-08,1.5058e-17,0.0000
0.1215,0.0154,0.2756,0.0000e+00,2.3205e-08,4.0782e-17,0.0000
0.1215,0.0000,0.2760,0.0000e+00,2.3205e-08,1.9523e-16,0.0000
0.1215,-0.0154,0.2756,0.0000e+00,2.3205e-08,7.4216e-16,0.0000
0.1215,-0.0308,0.2743,0.0000e+00,2.3205e-08,9.5995e-16,0.0000
0.1215,-0.0461,0.2721,0.0000e+00,2.3205e-08,1.9631e-16,0.0000
0.1215,-0.0961,0.2587,0.0000e+00,2.1934e-08,-7.5738e-09,5.9507
0.1215,-0.1104,0.2529,0.0000e+00,2.1168e-08,-9.5059e-09,5.8611
0.1215,-0.1244,0.2464,0.0000e+00,2.0087e-08,-1.1617e-08,5.7589
0.1215,-0.1380,0.2390,0.0000e+00,1.8648e-08,-1.3809e-08,5.6458
0.1215,-0.1512,0.2309,0.0000e+00,1.6820e-08,-1.5986e-08,5.5232
0.1215,-0.1638,0.2221,0.0000e+00,1.4582e-08,-1.8051e-08,5.3919
0.1215,-0.1760,0.2126,0.0000e+00,1.1924e-08,-1.9907e-08,5.2520
0.1215,-0.2126,0.1760,0.0000e+00,7.8667e-11,-2.3205e-08,4.7158
0.1215,-0.2221,0.1638,0.0000e+00,-4.1657e-09,-2.2828e-08,4.5319
0.1215,-0.2309,0.1512,0.0000e+00,-8.5616e-09,-2.1568e-08,4.3345
0.1215,-0.2390,0.1380,0.0000e+00,-1.2923e-08,-1.9273e-08,4.1217
0.1215,-0.2464,0.1244,0.0000e+00,-1.6974e-08,-1.5822e-08,3.8919
0.1215,-0.2529,0.1104,0.0000e+00,-2.0339e-08,-1.1170e-08,3.6438
0.1215,-0.2587,0.0961,0.0000e+00,-2.2559e-08,-5.4381e-09,3.3781
0.1215,-0.2721,0.0461,0.0000e+00,-1.7961e-08,1.4693e-08,2.4559
0.1215,-0.2743,0.0308,0.0000e+00,-1.4388e-08,1.8206e-08,2.2396
0.1215,-0.2756,0.0154,0.0000e+00,-1.2034e-08,1.9840e-08,2.1160
0.1215,-0.2760,0.0000,0.0000e+00,-1.2959e-08,1.9249e-08,2.1633
0.1215,-0.2756,-0.0154,0.0000e+00,-1.7129e-08,1.5655e-08,2.4011
0.1215,-0.2743,-0.0308,0.0000e+00,-1.9851e-08,1.2017e-08,2.5972
0.1215,-0.2721,-0.0461,0.0000e+00,-2.0040e-08,1.1699e-08,2.6132
0.1215,-0.2587,-0.0961,0.0000e+00,-1.2598e-08,1.9487e-08,2.1447
0.1215,-0.2529,-0.1104,0.0000e+00,-9.0321e-09,2.1375e-08,1.9706
0.1215,-0.2464,-0.1244,0.0000e+00,-5.1937e-09,2.2616e-08,1.7965
0.1215,-0.2390,-0.1380,0.0000e+00,-1.2421e-09,2.3172e-08,1.6243
0.1215,-0.2309,-0.1512,0.0000e+00,2.3205e-08,-2.6294e-23,6.2832
0.1215,-0.2221,-0.1638,0.0000e+00,2.3205e-08,-2.6294e-23,6.2832
0.1215,-0.2126,-0.1760,0.0000e+00,1.0040e-08,2.0920e-08,1.1234
0.1215,-0.1760,-0.2126,0.0000e+00,1.9350e-08,1.2808e-08,0.5847
0.1215,-0.1638,-0.2221,0.0000e+00,2.1131e-08,9.5896e-09,0.4260
0.1215,-0.1512,-0.2309,0.0000e+00,2.2377e-08,6.1419e-09,0.2679
0.1215,-0.1380,-0.2390,0.0000e+00,2.3063e-08,2.5631e-09,0.1107
0.1215,-0.1244,-0.2464,0.0000e+00,2.3205e-08,6.7942e-11,0.0029
0.1215,-0.1104,-0.2529,0.0000e+00,2.3205e-08,3.1133e-14,0.0000
0.1215,-0.0961,-0.2587,0.0000e+00,2.3205e-08,1.1886e-14,0.0000
0.1215,-0.0461,-0.2721,0.0000e+00,2.3205e-08,-2.5418e-15,6.2832
0.1215,-0.0308,-0.2743,0.0000e+00,-1.7438e-10,2.3204e-08,1.5783
0.1215,-0.0154,-0.2756,0.0000e+00,2.8988e-09,2.3023e-08,1.4455
0.1215,-0.0000,-0.2760,0.0000e+00,6.5903e-09,2.2249e-08,1.2828
0.1215,0.0154,-0.2756,0.0000e+00,1.0276e-08,2.0805e-08,1.1120
0.1215,0.0308,-0.2743,0.0000e+00,1.3660e-08,1.8758e-08,0.9414
0.1215,0.0461,-0.2721,0.0000e+00,1.6595e-08,1.6220e-08,0.7740
0.1215,0.0961,-0.2587,0.0000e+00,2.2461e-08,5.8294e-09,0.2539
0.1215,0.1104,-0.2529,0.0000e+00,2.3062e-08,2.5673e-09,0.1109
0.1215,0.1244,-0.2464,0.0000e+00,2.3205e-08,2.9035e-12,0.0001
0.1215,0.1380,-0.2390,0.0000e+00,2.3205e-08,1.3329e-22,0.0000
0.1215,0.1512,-0.2309,0.0000e+00,2.3205e-08,1.4601e-28,0.0000
0.1215,0.1638,-0.2221,0.0000e+00,2.3205e-08,1.2203e-32,0.0000
0.1215,0.1760,-0.2126,0.0000e+00,2.3205e-08,2.8953e-36,0.0000
0.1215,0.2126,-0.1760,0.0000e+00,2.3205e-08,1.9284e-44,0.0000
0.1215,0.2221,-0.1638,0.0000e+00,2.3205e-08,4.1052e-45,0.0000
0.1215,0.2309,-0.1512,0.0000e+00,2.3205e-08,9.5919e-48,0.0000
0.1215,0.2390,-0.1380,0.0000e+00,2.3205e-08,2.0148e-45,0.0000
0.1215,0.2464,-0.1244,0.0000e+00,2.3205e-08,1.2341e-48,0.0000
0.1215,0.2529,-0.1104,0.0000e+00,2.3205e-08,2.1679e-45,0.0000
0.1215,0.2587,-0.0961,0.0000e+00,2.3205e-08,2.7259e-45,0.0000
