x[m],y[m],z[m],dirx[m^2A],diry[m^2A],dirz[m^2A],rotation_xy[rad]
-0.0585,0.2721,-0.0461,0.0000e+00,-8.2497e-09,-2.1689e-08,4.3489
-0.0585,0.2743,-0.0308,0.0000e+00,-5.5174e-09,-2.2539e-08,4.4723
-0.0585,0.2756,-0.0154,0.0000e+00,-4.8043e-09,-2.2702e-08,4.5038
-0.0585,0.2760,0.0000,0.0000e+00,-5.4245e-09,-2.2562e-08,4.4764
-0.0585,0.2756,0.0154,0.0000e+00,-6.8043e-09,-2.2185e-08,4.4148
-0.0585,0.2743,0.0308,0.0000e+00,-8.4019e-09,-2.1630e-08,4.3419
-0.0585,0.2721,0.0461,0.0000e+00,2.3205e-08,5.1659e-13,0.0000
-0.0585,0.2587,0.0961,0.0000e+00,2.3205e-08,2.2959e-15,0.0000
-0.0585,0.2529,0.1104,0.0000e+00,-7.2923e-09,-2.2029e-08,4.3927
-0.0585,0.2464,0.1244,0.0000e+00,-4.8737e-09,-2.2687e-08,4.5008
-0.0585,0.2390,0.1380,0.0000e+00,2.3205e-08,1.5852e-12,0.0001
-0.0585,0.2309,0.1512,0.0000e+00,-3.2273e-09,-2.2979e-08,4.5729
-0.0585,0.2221,0.1638,0.0000e+00,2.4709e-09,2.3073e-08,1.4641
-0.0585,0.2126,0.1760,0.0000e+00,-2.9363e-09,2.3018e-08,1.6977
-0.0585,0.1760,0.2126,0.0000e+00,-1.3114e-08,1.9144e-08,2.1714
-0.0585,0.1638,0.2221,0.0000e+00,-1.5434e-08,1.7328e-08,2.2985
-0.0585,0.1512,0.2309,0.0000e+00,-1.7449e-08,1.5297e-08,2.4218
-0.0585,0.1380,0.2390,0.0000e+00,-1.9145e-08,1.3112e-08,2.5411
-0.0585,0.1244,0.2464,0.0000e+00,-2.0532e-08,1.0812e-08,2.6569
-0.0585,0.1104,0.2529,0.0000e+00,-2.1621e-08,8.4271e-09,2.7699
-0.0585,0.0961,0.2587,0.0000e+00,-2.2418e-08,5.9903e-09,2.8805
-0.0585,0.0461,0.2721,0.0000e+00,-2.3049e-08,-2.6848e-09,3.2576
-0.0585,0.0308,0.2743,0.0000e+00,-2.2478e-08,-5.7639e-09,3.3926
-0.0585,0.0154,0.2756,0.0000e+00,-2.0794e-08,-1.0299e-08,3.6015
-0.0585,0.0000,0.2760,0.0000e+00,6.3735e-09,2.2312e-08,1.2926
-0.0585,-0.0154,0.2756,0.0000e+00,2.0279e-08,1.1280e-08,0.5076
-0.0585,-0.0308,0.2743,0.0000e+00,1.9246e-08,1.2963e-08,0.5927
-0.0585,-0.0461,0.2721,0.0000e+00,1.6468e-08,1.6348e-08,0.7817
-0.0585,-0.0961,0.2587,0.0000e+00,2.3007e-08,3.0230e-09,0.1306
-0.0585,-0.1104,0.2529,0.0000e+00,2.3203e-08,3.0408e-10,0.0131
-0.0585,-0.1244,0.2464,0.0000e+00,2.3205e-08,1.7799e-12,0.0001
-0.0585,-0.1380,0.2390,0.0000e+00,1.8942e-08,-1.3404e-08,5.6673
-0.0585,-0.1512,0.2309,0.0000e+00,1.9986e-08,1.1790e-08,0.5330
-0.0585,-0.1638,0.2221,0.0000e+00,1.2387e-08,1.9622e-08,1.0077
-0.0585,-0.1760,0.2126,0.0000e+00,6.8278e-09,2.2178e-08,1.2721
-0.0585,-0.2126,0.1760,0.0000e+00,-5.8080e-09,2.2466e-08,1.8238
-0.0585,-0.2221,0.1638,0.0000e+00,-8.7367e-09,2.1497e-08,1.9568
-0.0585,-0.2309,0.1512,0.0000e+00,-1.1408e-08,2.0207e-08,2.0847
-0.0585,-0.2390,0.1380,0.0000e+00,-1.3857e-08,1.8613e-08,2.2108
-0.0585,-0.2464,0.1244,0.0000e+00,-1.6108e-08,1.6703e-08,2.3381
-0.0585,-0.2529,0.1104,0.0000e+00,-1.8160e-08,1.4446e-08,2.4696
-0.0585,-0.2587,0.0961,0.0000e+00,-1.9994e-08,1.1777e-08,2.6093
-0.0585,-0.2721,0.0461,0.0000e+00,-2.3147e-08,-1.6316e-09,3.2120
-0.0585,-0.2743,0.0308,0.0000e+00,-2.1871e-08,-7.7549e-09,3.4823
-0.0585,-0.2756,0.0154,0.0000e+00,-1.7655e-08,-1.5058e-08,3.8478
-0.0585,-0.2760,0.0000,0.0000e+00,-8.2854e-09,-2.1675e-08,4.3473
-0.0585,-0.2756,-0.0154,0.0000e+00,4.9310e-09,-2.2675e-08,4.9265
-0.0585,-0.2743,-0.0308,0.0000e+00,2.3205e-08,1.3965e-36,0.0000
-0.0585,-0.2721,-0.0461,0.0000e+00,2.3205e-08,1.2145e-32,0.0000
-0.0585,-0.2587,-0.0961,0.0000e+00,2.2470e-08,5.7947e-09,0.2524
-0.0585,-0.2529,-0.1104,0.0000e+00,2.1215e-08,9.4019e-09,0.4172
-0.0585,-0.2464,-0.1244,0.0000e+00,1.9496e-08,1.2585e-08,0.5732
-0.0585,-0.2390,-0.1380,0.0000e+00,1.7381e-08,1.5374e-08,0.7242
-0.0585,-0.2309,-0.1512,0.0000e+00,1.4900e-08,1.7789e-08,0.8735
-0.0585,-0.2221,-0.1638,0.0000e+00,1.2096e-08,1.9803e-08,1.0225
-0.0585,-0.2126,-0.1760,0.0000e+00,9.0195e-09,2.1380e-08,1.1716
-0.0585,-0.1760,-0.2126,0.0000e+00,-2.0317e-09,2.3116e-08,1.6585
-0.0585,-0.1638,-0.2221,0.0000e+00,-4.9425e-09,2.2672e-08,1.7854
-0.0585,-0.1512,-0.2309,0.0000e+00,-7.2933e-09,2.2029e-08,1.8905
-0.0585,-0.1380,-0.2390,0.0000e+00,-8.8359e-09,2.1457e-08,1.9614
-0.0585,-0.1244,-0.2464,0.0000e+00,-9.3547e-09,2.1236e-08,1.9857
-0.0585,-0.1104,-0.2529,0.0000e+00,-8.7892e-09,2.1476e-08,1.9593
-0.0585,-0.0961,-0.2587,0.0000e+00,-7.5252e-09,2.1951e-08,1.9011
-0.0585,-0.0461,-0.2721,0.0000e+00,-7.6456e-09,2.1909e-08,1.9066
-0.0585,-0.0308,-0.2743,0.0000e+00,-9.8008e-09,2.1033e-08,2.0068
-0.0585,-0.0154,-0.2756,0.0000e+00,-1.2972e-08,1.9241e-08,2.1640
-0.0585,-0.0000,-0.2760,0.0000e+00,1.8320e-08,1.4243e-08,0.6608
-0.0585,0.0154,-0.2756,0.0000e+00,2.3205e-08,9.4512e-12,0.0004
-0.0585,0.0308,-0.2743,0.0000e+00,2.3205e-08,5.4730e-13,0.0000
-0.0585,0.0461,-0.2721,0.0000e+00,2.3205e-08,1.9591e-13,0.0000
-0.0585,0.0961,-0.2587,0.0000e+00,2.3070e-08,2.5019e-09,0.1080
-0.0585,0.1104,-0.2529,0.0000e+00,2.2141e-08,6.9448e-09,0.3039
-0.0585,0.1244,-0.2464,0.0000e+00,2.0299e-08,1.1243e-08,0.5058
-0.0585,0.1380,-0.2390,0.0000e+00,1.7562e-08,1.5167e-08,0.7124
-0.0585,0.1512,-0.2309,0.0000e+00,1.4052e-08,1.8466e-08,0.9203
-0.0585,0.1638,-0.2221,0.0000e+00,9.9284e-09,2.0974e-08,1.1287
-0.0585,0.1760,-0.2126,0.0000e+00,5.4354e-09,2.2559e-08,1.3344
-0.0585,0.2126,-0.1760,0.0000e+00,2.3205e-08,-8.8124e-23,6.2832
-0.0585,0.2221,-0.1638,0.0000e+00,2.3205e-08,-1.2934e-22,6.2832
-0.0585,0.2309,-0.1512,0.0000e+00,-1.6570e-08,1.6245e-08,2.3661
-0.0585,0.2390,-0.1380,0.0000e+00,-1.9357e-08,1.2797e-08,2.5575
-0.0585,0.2464,-0.1244,0.0000e+00,-2.1549e-08,8.6073e-09,2.7616
-0.0585,0.2529,-0.1104,0.0000e+00,-2.2951e-08,3.4220e-09,2.9936
-0.0585,0.2587,-0.0961,0.0000e+00,-2.2994e-08,-3.1223e-09,3.2766
-0.0405,0.2721,-0.0461,0.0000e+00,-1.2213e-08,-1.9731e-08,4.1581
-0.0405,0.2743,-0.0308,0.0000e+00,-1.2391e-08,-1.9619e-08,4.1491
-0.0405,0.2756,-0.0154,0.0000e+00,-1.1921e-08,-1.9908e-08,4.1729
-0.0405,0.2760,0.0000,0.0000e+00,-1.1231e-08,-2.0306e-08,4.2072
-0.0405,0.2756,0.0154,0.0000e+00,-1.0577e-08,-2.0654e-08,4.2391
-0.0405,0.2743,0.0308,0.0000e+00,-1.0092e-08,-2.0895e-08,4.2624
-0.0405,0.2721,0.0461,0.0000e+00,-9.7880e-09,-2.1039e-08,4.2769
-0.0405,0.2587,0.0961,0.0000e+00,-8.6339e-09,-2.1539e-08,4.3311
-0.0405,0.2529,0.1104,0.0000e+00,-7.9125e-09,-2.1814e-08,4.3644
-0.0405,0.2464,0.1244,0.0000e+00,-7.1081e-09,-2.2089e-08,4.4011
-0.0405,0.2390,0.1380,0.0000e+00,-6.4836e-09,-2.2281e-08,4.4292
-0.0405,0.2309,0.1512,0.0000e+00,2.3205e-08,1.5075e-13,0.0000
-0.0405,0.2221,0.1638,0.0000e+00,2.3205e-08,4.2241e-12,0.0002
-0.0405,0.2126,0.1760,0.0000e+00,-1.7047e-08,-1.5744e-08,3.8873
-0.0405,0.1760,0.2126,0.0000e+00,-1.7097e-08,1.5689e-08,2.3991
-0.0405,0.1638,0.2221,0.0000e+00,-1.6241e-08,1.6574e-08,2.3460
-0.0405,0.1512,0.2309,0.0000e+00,-1.5019e-08,1.7689e-08,2.2747
-0.0405,0.1380,0.2390,0.0000e+00,-1.2524e-08,1.9535e-08,2.1409
-0.0405,0.1244,0.2464,0.0000e+00,-7.5125e-09,2.1955e-08,1.9005
-0.0405,0.1104,0.2529,0.0000e+00,-9.6354e-12,2.3205e-08,1.5712
-0.0405,0.0961,0.2587,0.0000e+00,2.3205e-08,-6.2863e-14,6.2832
-0.0405,0.0461,0.2721,0.0000e+00,1.2297e-08,1.9679e-08,1.0123
-0.0405,0.0308,0.2743,0.0000e+00,1.1559e-08,2.0121e-08,1.0494
-0.0405,0.0154,0.2756,0.0000e+00,1.0341e-08,2.0773e-08,1.1089
-0.0405,0.0000,0.2760,0.0000e+00,8.7046e-09,2.1510e-08,1.1863
-0.0405,-0.0154,0.2756,0.0000e+00,6.7005e-09,2.2216e-08,1.2779
-0.0405,-0.0308,0.2743,0.0000e+00,4.3414e-09,2.2795e-08,1.3826
-0.0405,-0.0461,0.2721,0.0000e+00,1.6254e-09,2.3148e-08,1.5007
-0.0405,-0.0961,0.2587,0.0000e+00,-9.7491e-09,2.1057e-08,2.0044
-0.0405,-0.1104,0.2529,0.0000e+00,-1.3433e-08,1.8921e-08,2.1882
-0.0405,-0.1244,0.2464,0.0000e+00,2.3205e-08,-6.4073e-18,6.2832
-0.0405,-0.1380,0.2390,0.0000e+00,-1.9496e-08,1.2584e-08,2.5684
-0.0405,-0.1512,0.2309,0.0000e+00,-2.1251e-08,9.3186e-09,2.7284
-0.0405,-0.1638,0.2221,0.0000e+00,-2.2076e-08,7.1500e-09,2.8284
-0.0405,-0.1760,0.2126,0.0000e+00,-2.2097e-08,7.0834e-09,2.8314
-0.0405,-0.2126,0.1760,0.0000e+00,-1.6842e-08,1.5963e-08,2.3830
-0.0405,-0.2221,0.1638,0.0000e+00,-1.6214e-08,1.6600e-08,2.3444
-0.0405,-0.2309,0.1512,0.0000e+00,-1.6475e-08,1.6342e-08,2.3602
-0.0405,-0.2390,0.1380,0.0000e+00,-1.7303e-08,1.5462e-08,2.4123
-0.0405,-0.2464,0.1244,0.0000e+00,-1.8462e-08,1.4058e-08,2.4908
-0.0405,-0.2529,0.1104,0.0000e+00,-1.9775e-08,1.2142e-08,2.5909
-0.0405,-0.2587,0.0961,0.0000e+00,-2.1099e-08,9.6585e-09,2.7123
-0.0405,-0.2721,0.0461,0.0000e+00,-2.2790e-08,-4.3661e-09,3.3309
-0.0405,-0.2743,0.0308,0.0000e+00,-2.0501e-08,-1.0871e-08,3.6292
-0.0405,-0.2756,0.0154,0.0000e+00,-1.4703e-08,-1.7952e-08,4.0262
-0.0405,-0.2760,0.0000,0.0000e+00,-4.2659e-09,-2.2809e-08,4.5275
-0.0405,-0.2756,-0.0154,0.0000e+00,7.6645e-09,-2.1902e-08,5.0490
-0.0405,-0.2743,-0.0308,0.0000e+00,2.3205e-08,6.4980e-35,0.0000
-0.0405,-0.2721,-0.0461,0.0000e+00,2.3205e-08,1.1937e-25,0.0000
-0.0405,-0.2587,-0.0961,0.0000e+00,2.2474e-08,5.7767e-09,0.2516
-0.0405,-0.2529,-0.1104,0.0000e+00,2.1234e-08,9.3576e-09,0.4151
-0.0405,-0.2464,-0.1244,0.0000e+00,1.9545e-08,1.2509e-08,0.5693
-0.0405,-0.2390,-0.1380,0.0000e+00,1.7492e-08,1.5247e-08,0.7169
-0.0405,-0.2309,-0.1512,0.0000e+00,1.5140e-08,1.7585e-08,0.8600
-0.0405,-0.2221,-0.1638,0.0000e+00,1.2577e-08,1.9500e-08,0.9980
-0.0405,-0.2126,-0.1760,0.0000e+00,9.9138e-09,2.0980e-08,1.1294
-0.0405,-0.1760,-0.2126,0.0000e+00,3.0575e-09,2.3002e-08,1.4387
-0.0405,-0.1638,-0.2221,0.0000e+00,2.6710e-09,2.3051e-08,1.4554
-0.0405,-0.1512,-0.2309,0.0000e+00,3.3406e-09,2.2963e-08,1.4263
-0.0405,-0.1380,-0.2390,0.0000e+00,4.7187e-09,2.2720e-08,1.3660
-0.0405,-0.1244,-0.2464,0.0000e+00,6.0550e-09,2.2401e-08,1.3068
-0.0405,-0.1104,-0.2529,0.0000e+00,6.7427e-09,2.2204e-08,1.2760
-0.0405,-0.0961,-0.2587,0.0000e+00,6.5934e-09,2.2248e-08,1.2827
-0.0405,-0.0461,-0.2721,0.0000e+00,2.2023e-09,2.3100e-08,1.4757
-0.0405,-0.0308,-0.2743,0.0000e+00,5.6935e-10,2.3198e-08,1.5463
-0.0405,-0.0154,-0.2756,0.0000e+00,-8.5084e-10,2.3189e-08,1.6075
-0.0405,-0.0000,-0.2760,0.0000e+00,2.3205e-08,-4.6904e-23,6.2832
-0.0405,0.0154,-0.2756,0.0000e+00,2.3205e-08,-6.7514e-23,6.2832
-0.0405,0.0308,-0.2743,0.0000e+00,2.3205e-08,-1.4995e-22,6.2832
-0.0405,0.0461,-0.2721,0.0000e+00,-8.9389e-11,2.3205e-08,1.5746
-0.0405,0.0961,-0.2587,0.0000e+00,6.1635e-09,2.2371e-08,1.3020
-0.0405,0.1104,-0.2529,0.0000e+00,6.3069e-09,2.2331e-08,1.2955
-0.0405,0.1244,-0.2464,0.0000e+00,5.6113e-09,2.2516e-08,1.3266
-0.0405,0.1380,-0.2390,0.0000e+00,2.3205e-08,-3.2208e-21,6.2832
-0.0405,0.1512,-0.2309,0.0000e+00,2.3205e-08,-3.9834e-21,6.2832
-0.0405,0.1638,-0.2221,0.0000e+00,-3.7198e-11,2.3205e-08,1.5724
-0.0405,0.1760,-0.2126,0.0000e+00,-2.6815e-09,2.3049e-08,1.6866
-0.0405,0.2126,-0.1760,0.0000e+00,-1.2950e-08,1.9255e-08,2.1628
-0.0405,0.2221,-0.1638,0.0000e+00,-1.6265e-08,1.6550e-08,2.3475
-0.0405,0.2309,-0.1512,0.0000e+00,-1.9619e-08,1.2392e-08,2.5782
-0.0405,0.2390,-0.1380,0.0000e+00,-2.2581e-08,5.3431e-09,2.9093
-0.0405,0.2464,-0.1244,0.0000e+00,-2.2175e-08,-6.8346e-09,3.4406
-0.0405,0.2529,-0.1104,0.0000e+00,-1.3962e-08,-1.8535e-08,4.0668
-0.0405,0.2587,-0.0961,0.0000e+00,-7.4974e-09,-2.1960e-08,4.3834
0.0045,0.2721,-0.0461,0.0000e+00,-2.0406e-08,-1.1047e-08,3.6378
0.0045,0.2743,-0.0308,0.0000e+00,-1.8488e-08,-1.4023e-08,3.7905
0.0045,0.2756,-0.0154,0.0000e+00,-1.6030e-08,-1.6778e-08,3.9498
0.0045,0.2760,0.0000,0.0000e+00,-1.3131e-08,-1.9132e-08,4.1109
0.0045,0.2756,0.0154,0.0000e+00,-9.9351e-09,-2.0970e-08,4.2699
0.0045,0.2743,0.0308,0.0000e+00,-6.5962e-09,-2.2248e-08,4.4242
0.0045,0.2721,0.0461,0.0000e+00,-3.2537e-09,-2.2976e-08,4.5717
0.0045,0.2587,0.0961,0.0000e+00,6.9726e-09,-2.2132e-08,5.0176
0.0045,0.2529,0.1104,0.0000e+00,2.3205e-08,5.4235e-29,0.0000
0.0045,0.2464,0.1244,0.0000e+00,2.3205e-08,2.6205e-19,0.0000
0.0045,0.2390,0.1380,0.0000e+00,2.3205e-08,1.0664e-16,0.0000
0.0045,0.2309,0.1512,0.0000e+00,1.7426e-08,-1.5323e-08,5.5619
0.0045,0.2221,0.1638,0.0000e+00,2.3205e-08,1.6408e-12,0.0001
0.0045,0.2126,0.1760,0.0000e+00,2.3205e-08,6.7101e-11,0.0029
0.0045,0.1760,0.2126,0.0000e+00,2.3204e-08,-2.4289e-10,6.2727
0.0045,0.1638,0.2221,0.0000e+00,-1.9109e-08,1.3164e-08,2.5384
0.0045,0.1512,0.2309,0.0000e+00,-2.0912e-08,-1.0058e-08,3.5899
0.0045,0.1380,0.2390,0.0000e+00,2.3205e-08,5.0471e-11,0.0022
0.0045,0.1244,0.2464,0.0000e+00,2.2837e-08,-4.1167e-09,6.1048
0.0045,0.1104,0.2529,0.0000e+00,2.3191e-08,8.0255e-10,0.0346
0.0045,0.0961,0.2587,0.0000e+00,2.2925e-08,3.5895e-09,0.1553
0.0045,0.0461,0.2721,0.0000e+00,2.3205e-08,-2.0049e-21,6.2832
0.0045,0.0308,0.2743,0.0000e+00,1.7606e-08,1.5116e-08,0.7094
0.0045,0.0154,0.2756,0.0000e+00,1.5601e-08,1.7178e-08,0.8335
0.0045,0.0000,0.2760,0.0000e+00,1.3332e-08,1.8993e-08,0.9588
0.0045,-0.0154,0.2756,0.0000e+00,1.0816e-08,2.0530e-08,1.0859
0.0045,-0.0308,0.2743,0.0000e+00,2.3205e-08,-2.6294e-23,6.2832
0.0045,-0.0461,0.2721,0.0000e+00,2.3205e-08,-2.6294e-23,6.2832
0.0045,-0.0961,0.2587,0.0000e+00,-6.6257e-09,2.2239e-08,1.8604
0.0045,-0.1104,0.2529,0.0000e+00,-1.0501e-08,2.0693e-08,2.0404
0.0045,-0.1244,0.2464,0.0000e+00,-1.4383e-08,1.8210e-08,2.2393
0.0045,-0.1380,0.2390,0.0000e+00,-1.8026e-08,1.4612e-08,2.4604
0.0045,-0.1512,0.2309,0.0000e+00,-2.1039e-08,9.7881e-09,2.7061
0.0045,-0.1638,0.2221,0.0000e+00,-2.2888e-08,3.8224e-09,2.9761
0.0045,-0.1760,0.2126,0.0000e+00,-2.3028e-08,-2.8570e-09,3.2650
0.0045,-0.2126,0.1760,0.0000e+00,-1.0694e-08,-2.0594e-08,4.2334
0.0045,-0.2221,0.1638,0.0000e+00,-5.1172e-09,-2.2634e-08,4.4900
0.0045,-0.2309,0.1512,0.0000e+00,3.6353e-10,-2.3202e-08,4.7281
0.0045,-0.2390,0.1380,0.0000e+00,5.4325e-09,-2.2560e-08,4.9487
0.0045,-0.2464,0.1244,0.0000e+00,9.8999e-09,-2.0987e-08,5.1532
0.0045,-0.2529,0.1104,0.0000e+00,1.3646e-08,-1.8768e-08,5.3411
0.0045,-0.2587,0.0961,0.0000e+00,1.6600e-08,-1.6214e-08,5.5095
0.0045,-0.2721,0.0461,0.0000e+00,2.0751e-08,-1.0386e-08,5.8191
0.0045,-0.2743,0.0308,0.0000e+00,2.0430e-08,-1.1004e-08,5.7891
0.0045,-0.2756,0.0154,0.0000e+00,2.3205e-08,4.3356e-15,0.0000
0.0045,-0.2760,0.0000,0.0000e+00,2.3205e-08,1.8456e-15,0.0000
0.0045,-0.2756,-0.0154,0.0000e+00,2.3205e-08,4.1155e-16,0.0000
0.0045,-0.2743,-0.0308,0.0000e+00,2.3205e-08,2.4802e-14,0.0000
0.0045,-0.2721,-0.0461,0.0000e+00,2.3205e-08,2.3168e-13,0.0000
0.0045,-0.2587,-0.0961,0.0000e+00,2.3202e-08,3.6361e-10,0.0157
0.0045,-0.2529,-0.1104,0.0000e+00,1.5806e-08,1.6989e-08,0.8214
0.0045,-0.2464,-0.1244,0.0000e+00,-2.2485e-08,5.7337e-09,2.8919
0.0045,-0.2390,-0.1380,0.0000e+00,-2.1508e-08,8.7106e-09,2.7568
0.0045,-0.2309,-0.1512,0.0000e+00,-1.3907e-08,1.8576e-08,2.2135
0.0045,-0.2221,-0.1638,0.0000e+00,3.0524e-09,2.3003e-08,1.4389
0.0045,-0.2126,-0.1760,0.0000e+00,1.1280e-08,2.0279e-08,1.0632
0.0045,-0.1760,-0.2126,0.0000e+00,2.3205e-08,-6.7417e-18,6.2832
0.0045,-0.1638,-0.2221,0.0000e+00,1.5831e-08,1.6966e-08,0.8200
0.0045,-0.1512,-0.2309,0.0000e+00,1.5263e-08,1.7479e-08,0.8530
0.0045,-0.1380,-0.2390,0.0000e+00,1.4354e-08,1.8233e-08,0.9039
0.0045,-0.1244,-0.2464,0.0000e+00,1.3137e-08,1.9128e-08,0.9690
0.0045,-0.1104,-0.2529,0.0000e+00,1.1669e-08,2.0057e-08,1.0439
0.0045,-0.0961,-0.2587,0.0000e+00,2.3205e-08,-2.6294e-23,6.2832
0.0045,-0.0461,-0.2721,0.0000e+00,2.3205e-08,-2.6294e-23,6.2832
0.0045,-0.0308,-0.2743,0.0000e+00,2.3205e-08,-2.6294e-23,6.2832
0.0045,-0.0154,-0.2756,0.0000e+00,6.0773e-10,2.3197e-08,1.5446
0.0045,-0.0000,-0.2760,0.0000e+00,2.3205e-08,-2.6294e-23,6.2832
0.0045,0.0154,-0.2756,0.0000e+00,-1.8317e-09,2.3132e-08,1.6498
0.0045,0.0308,-0.2743,0.0000e+00,2.3205e-08,-2.6294e-23,6.2832
0.0045,0.0461,-0.2721,0.0000e+00,-3.6311e-09,2.2919e-08,1.7279
0.0045,0.0961,-0.2587,0.0000e+00,-7.0581e-09,2.2105e-08,1.8799
0.0045,0.1104,-0.2529,0.0000e+00,2.3205e-08,-2.6294e-23,6.2832
0.0045,0.1244,-0.2464,0.0000e+00,2.3205e-08,-4.6904e-23,6.2832
0.0045,0.1380,-0.2390,0.0000e+00,-1.2015e-08,1.9852e-08,2.1151
0.0045,0.1512,-0.2309,0.0000e+00,-1.4074e-08,1.8449e-08,2.2225
0.0045,0.1638,-0.2221,0.0000e+00,-1.6331e-08,1.6485e-08,2.3515
0.0045,0.1760,-0.2126,0.0000e+00,-1.8798e-08,1.3605e-08,2.5151
0.0045,0.2126,-0.1760,0.0000e+00,-1.4541e-08,-1.8084e-08,4.0351
0.0045,0.2221,-0.1638,0.0000e+00,-4.0258e-10,-2.3201e-08,4.6950
0.0045,0.2309,-0.1512,0.0000e+00,8.2988e-09,-2.1670e-08,5.0781
0.0045,0.2390,-0.1380,0.0000e+00,1.2818e-08,-1.9343e-08,5.2976
0.0045,0.2464,-0.1244,0.0000e+00,1.4532e-08,-1.8091e-08,5.3891
0.0045,0.2529,-0.1104,0.0000e+00,8.3086e-09,-2.1666e-08,5.0786
0.0045,0.2587,-0.0961,0.0000e+00,-2.0635e-08,-1.0615e-08,3.6167
0.1215,0.2721,-0.0461,0.0000e+00,-1.9584e-08,-1.2447e-08,3.7078
0.1215,0.2743,-0.0308,0.0000e+00,-1.6619e-08,-1.6195e-08,3.9141
0.1215,0.2756,-0.0154,0.0000e+00,-1.2548e-08,-1.9520e-08,4.1411
0.1215,0.2760,0.0000,0.0000e+00,-7.4304e-09,-2.1983e-08,4.3864
0.1215,0.2756,0.0154,0.0000e+00,-1.5842e-09,-2.3151e-08,4.6441
0.1215,0.2743,0.0308,0.0000e+00,4.4384e-09,-2.2776e-08,4.9048
0.1215,0.2721,0.0461,0.0000e+00,1.0023e-08,-2.0928e-08,5.1590
0.1215,0.2587,0.0961,0.0000e+00,2.3205e-08,2.3908e-39,0.0000
0.1215,0.2529,0.1104,0.0000e+00,2.3205e-08,7.3615e-31,0.0000
0.1215,0.2464,0.1244,0.0000e+00,2.3205e-08,1.4172e-14,0.0000
0.1215,0.2390,0.1380,0.0000e+00,2.3064e-08,2.5494e-09,0.1101
0.1215,0.2309,0.1512,0.0000e+00,2.2469e-08,5.7968e-09,0.2525
0.1215,0.2221,0.1638,0.0000e+00,2.1506e-08,8.7141e-09,0.3850
0.1215,0.2126,0.1760,0.0000e+00,2.0271e-08,1.1294e-08,0.5083
0.1215,0.1760,0.2126,0.0000e+00,2.3205e-08,-2.6294e-23,6.2832
0.1215,0.1638,0.2221,0.0000e+00,1.3900e-08,1.8581e-08,0.9285
0.1215,0.1512,0.2309,0.0000e+00,1.2721e-08,1.9407e-08,0.9906
0.1215,0.1380,0.2390,0.0000e+00,1.1848e-08,1.9952e-08,1.0350
0.1215,0.1244,0.2464,0.0000e+00,1.1344e-08,2.0243e-08,1.0600
0.1215,0.1104,0.2529,0.0000e+00,1.1224e-08,2.0310e-08,1.0659
0.1215,0.0961,0.2587,0.0000e+00,1.1423e-08,2.0199e-08,1.0561
0.1215,0.0461,0.2721,0.0000e+00,1.2021e-08,1.9849e-08,1.0263
0.1215,0.0308,0.2743,0.0000e+00,1.1554e-08,2.0124e-08,1.0496
0.1215,0.0154,0.2756,0.0000e+00,1.0676e-08,2.0603e-08,1.0927
0.1215,0.0000,0.2760,0.0000e+00,9.4134e-09,2.1210e-08,1.1531
0.1215,-0.0154,0.2756,0.0000e+00,7.8001e-09,2.1855e-08,1.2280
0.1215,-0.0308,0.2743,0.0000e+00,5.8800e-09,2.2447e-08,1.3146
0.1215,-0.0461,0.2721,0.0000e+00,3.7071e-09,2.2907e-08,1.4104
0.1215,-0.0961,0.2587,0.0000e+00,2.3205e-08,-2.6294e-23,6.2832
0.1215,-0.1104,0.2529,0.0000e+00,2.3205e-08,-2.6294e-23,6.2832
0.1215,-0.1244,0.2464,0.0000e+00,2.3205e-08,-2.6294e-23,6.2832
0.1215,-0.1380,0.2390,0.0000e+00,2.3205e-08,-2.6294e-23,6.2832
0.1215,-0.1512,0.2309,0.0000e+00,2.3205e-08,-2.6294e-23,6.2832
0.1215,-0.1638,0.2221,0.0000e+00,-1.7440e-08,1.5307e-08,2.4212
0.1215,-0.1760,0.2126,0.0000e+00,-1.9433e-08,1.2682e-08,2.5634
0.1215,-0.2126,0.1760,0.0000e+00,-2.3167e-08,1.3193e-09,3.0847
0.1215,-0.2221,0.1638,0.0000e+00,-2.3048e-08,-2.6910e-09,3.2578
0.1215,-0.2309,0.1512,0.0000e+00,-2.2166e-08,-6.8638e-09,3.4419
0.1215,-0.2390,0.1380,0.0000e+00,-2.0393e-08,-1.1072e-08,3.6390
0.1215,-0.2464,0.1244,0.0000e+00,-1.7602e-08,-1.5121e-08,3.8513
0.1215,-0.2529,0.1104,0.0000e+00,-1.3707e-08,-1.8724e-08,4.0805
0.1215,-0.2587,0.0961,0.0000e+00,-8.7454e-09,-2.1494e-08,4.3260
0.1215,-0.2721,0.0461,0.0000e+00,1.0441e-08,-2.0723e-08,5.1791
0.1215,-0.2743,0.0308,0.0000e+00,1.4718e-08,-1.7940e-08,5.3995
0.1215,-0.2756,0.0154,0.0000e+00,2.3205e-08,7.1680e-33,0.0000
0.1215,-0.2760,0.0000,0.0000e+00,2.3205e-08,1.7049e-28,0.0000
0.1215,-0.2756,-0.0154,0.0000e+00,2.3205e-08,7.8244e-25,0.0000
0.1215,-0.2743,-0.0308,0.0000e+00,2.3205e-08,1.0029e-21,0.0000
0.1215,-0.2721,-0.0461,0.0000e+00,2.3205e-08,6.7759e-19,0.0000
0.1215,-0.2587,-0.0961,0.0000e+00,2.3138e-08,1.7653e-09,0.0762
0.1215,-0.2529,-0.1104,0.0000e+00,2.2886e-08,3.8327e-09,0.1659
0.1215,-0.2464,-0.1244,0.0000e+00,2.2411e-08,6.0157e-09,0.2622
0.1215,-0.2390,-0.1380,0.0000e+00,2.1677e-08,8.2801e-09,0.3649
0.1215,-0.2309,-0.1512,0.0000e+00,2.3205e-08,-2.6294e-23,6.2832
0.1215,-0.2221,-0.1638,0.0000e+00,2.3205e-08,-2.6294e-23,6.2832
0.1215,-0.2126,-0.1760,0.0000e+00,1.7677e-08,1.5033e-08,0.7047
0.1215,-0.1760,-0.2126,0.0000e+00,1.0008e-08,2.0936e-08,1.1249
0.1215,-0.1638,-0.2221,0.0000e+00,7.1643e-09,2.2071e-08,1.2569
0.1215,-0.1512,-0.2309,0.0000e+00,4.1157e-09,2.2837e-08,1.3925
0.1215,-0.1380,-0.2390,0.0000e+00,8.9436e-10,2.3188e-08,1.5322
0.1215,-0.1244,-0.2464,0.0000e+00,-2.4440e-09,2.3076e-08,1.6763
0.1215,-0.1104,-0.2529,0.0000e+00,-5.8437e-09,2.2457e-08,1.8254
0.1215,-0.0961,-0.2587,0.0000e+00,-9.2051e-09,2.1301e-08,1.9787
0.1215,-0.0461,-0.2721,0.0000e+00,-1.7674e-08,1.5036e-08,2.4367
0.1215,-0.0308,-0.2743,0.0000e+00,-1.5399e-08,1.7359e-08,2.2964
0.1215,-0.0154,-0.2756,0.0000e+00,1.7100e-08,1.5686e-08,0.7423
0.1215,-0.0000,-0.2760,0.0000e+00,2.1115e-08,9.6235e-09,0.4276
0.1215,0.0154,-0.2756,0.0000e+00,2.0248e-08,1.1335e-08,0.5103
0.1215,0.0308,-0.2743,0.0000e+00,1.8420e-08,1.4113e-08,0.6538
0.1215,0.0461,-0.2721,0.0000e+00,1.5976e-08,1.6829e-08,0.8114
0.1215,0.0961,-0.2587,0.0000e+00,5.6866e-09,2.2497e-08,1.3232
0.1215,0.1104,-0.2529,0.0000e+00,2.4963e-09,2.3070e-08,1.4630
0.1215,0.1244,-0.2464,0.0000e+00,-5.8916e-10,2.3197e-08,1.5962
0.1215,0.1380,-0.2390,0.0000e+00,-3.5277e-09,2.2935e-08,1.7234
0.1215,0.1512,-0.2309,0.0000e+00,-6.2870e-09,2.2337e-08,1.8452
0.1215,0.1638,-0.2221,0.0000e+00,-8.8539e-09,2.1449e-08,1.9623
0.1215,0.1760,-0.2126,0.0000e+00,-1.1222e-08,2.0311e-08,2.0756
0.1215,0.2126,-0.1760,0.0000e+00,-1.7724e-08,1.4977e-08,2.4400
0.1215,0.2221,-0.1638,0.0000e+00,-1.9238e-08,1.2975e-08,2.5482
0.1215,0.2309,-0.1512,0.0000e+00,-2.0548e-08,1.0781e-08,2.6584
0.1215,0.2390,-0.1380,0.0000e+00,-2.1638e-08,8.3810e-09,2.7721
0.1215,0.2464,-0.1244,0.0000e+00,-2.2479e-08,5.7590e-09,2.8908
0.1215,0.2529,-0.1104,0.0000e+00,-2.3024e-08,2.8915e-09,3.0167
0.1215,0.2587,-0.0961,0.0000e+00,-2.3204e-08,-2.4108e-10,3.1520
