x[m],y[m],z[m],dirx[m^2A],diry[m^2A],dirz[m^2A],rotation_xy[rad]
-0.0585,0.2721,-0.0461,0.0000e+00,-2.2744e-08,4.6038e-09,2.9419
-0.0585,0.2743,-0.0308,0.0000e+00,-2.2748e-08,4.5803e-09,2.9429
-0.0585,0.2756,-0.0154,0.0000e+00,-2.2952e-08,3.4172e-09,2.9938
-0.0585,0.2760,0.0000,0.0000e+00,-2.3142e-08,1.7108e-09,3.0678
-0.0585,0.2756,0.0154,0.0000e+00,-2.3201e-08,3.9288e-10,3.1247
-0.0585,0.2743,0.0308,0.0000e+00,-2.3204e-08,-1.1654e-10,3.1466
-0.0585,0.2721,0.0461,0.0000e+00,-2.3187e-08,9.0028e-10,3.1028
-0.0585,0.2587,0.0961,0.0000e+00,-1.9201e-08,1.3031e-08,2.5453
-0.0585,0.2529,0.1104,0.0000e+00,-1.0450e-08,2.0718e-08,2.0380
-0.0585,0.2464,0.1244,0.0000e+00,1.6941e-08,1.5857e-08,0.7524
-0.0585,0.2390,0.1380,0.0000e+00,2.2942e-08,3.4830e-09,0.1507
-0.0585,0.2309,0.1512,0.0000e+00,2.3201e-08,4.0063e-10,0.0173
-0.0585,0.2221,0.1638,0.0000e+00,2.3204e-08,2.0530e-10,0.0088
-0.0585,0.2126,0.1760,0.0000e+00,2.3199e-08,5.3184e-10,0.0229
-0.0585,0.1760,0.2126,0.0000e+00,2.3203e-08,2.4698e-10,0.0106
-0.0585,0.1638,0.2221,0.0000e+00,2.3204e-08,2.1716e-10,0.0094
-0.0585,0.1512,0.2309,0.0000e+00,2.3205e-08,3.9192e-11,0.0017
-0.0585,0.1380,0.2390,0.0000e+00,2.3205e-08,4.0199e-11,0.0017
-0.0585,0.1244,0.2464,0.0000e+00,2.3204e-08,1.5616e-10,0.0067
-0.0585,0.1104,0.2529,0.0000e+00,-8.1260e-09,-2.1735e-08,4.3546
-0.0585,0.0961,0.2587,0.0000e+00,-8.5990e-09,-2.1553e-08,4.3328
-0.0585,0.0461,0.2721,0.0000e+00,-2.2923e-09,-2.3091e-08,4.6134
-0.0585,0.0308,0.2743,0.0000e+00,-1.1454e-08,-2.0181e-08,4.1962
-0.0585,0.0154,0.2756,0.0000e+00,2.3111e-08,2.0833e-09,0.0899
-0.0585,0.0000,0.2760,0.0000e+00,2.3202e-08,3.6806e-10,0.0159
-0.0585,-0.0154,0.2756,0.0000e+00,2.3205e-08,3.4934e-11,0.0015
-0.0585,-0.0308,0.2743,0.0000e+00,2.3204e-08,1.7421e-10,0.0075
-0.0585,-0.0461,0.2721,0.0000e+00,2.3194e-08,7.1692e-10,0.0309
-0.0585,-0.0961,0.2587,0.0000e+00,1.8880e-08,1.3491e-08,0.6204
-0.0585,-0.1104,0.2529,0.0000e+00,1.7684e-08,1.5024e-08,0.7042
-0.0585,-0.1244,0.2464,0.0000e+00,1.7802e-08,1.4885e-08,0.6964
-0.0585,-0.1380,0.2390,0.0000e+00,2.3205e-08,-3.6840e-12,6.2830
-0.0585,-0.1512,0.2309,0.0000e+00,2.0647e-08,1.0591e-08,0.4740
-0.0585,-0.1638,0.2221,0.0000e+00,2.1869e-08,7.7596e-09,0.3410
-0.0585,-0.1760,0.2126,0.0000e+00,2.2744e-08,4.6009e-09,0.1996
-0.0585,-0.2126,0.1760,0.0000e+00,2.1943e-08,-7.5467e-09,5.9519
-0.0585,-0.2221,0.1638,0.0000e+00,2.0739e-08,-1.0409e-08,5.8180
-0.0585,-0.2309,0.1512,0.0000e+00,1.9129e-08,-1.3135e-08,5.6815
-0.0585,-0.2390,0.1380,0.0000e+00,2.3205e-08,3.2102e-11,0.0014
-0.0585,-0.2464,0.1244,0.0000e+00,2.3205e-08,1.6962e-11,0.0007
-0.0585,-0.2529,0.1104,0.0000e+00,1.1903e-08,-1.9919e-08,5.2510
-0.0585,-0.2587,0.0961,0.0000e+00,8.7213e-09,-2.1504e-08,5.0977
-0.0585,-0.2721,0.0461,0.0000e+00,-5.9302e-09,-2.2434e-08,4.4540
-0.0585,-0.2743,0.0308,0.0000e+00,-1.2170e-08,-1.9758e-08,4.1603
-0.0585,-0.2756,0.0154,0.0000e+00,-1.8971e-08,-1.3363e-08,3.7553
-0.0585,-0.2760,0.0000,0.0000e+00,-2.3136e-08,-1.7827e-09,3.2185
-0.0585,-0.2756,-0.0154,0.0000e+00,-2.0597e-08,1.0687e-08,2.6630
-0.0585,-0.2743,-0.0308,0.0000e+00,-1.4194e-08,1.8357e-08,2.2290
-0.0585,-0.2721,-0.0461,0.0000e+00,-7.7961e-09,2.1856e-08,1.9134
-0.0585,-0.2587,-0.0961,0.0000e+00,7.2607e-09,2.2040e-08,1.2526
-0.0585,-0.2529,-0.1104,0.0000e+00,1.0509e-08,2.0689e-08,1.1008
-0.0585,-0.2464,-0.1244,0.0000e+00,1.3423e-08,1.8928e-08,0.9539
-0.0585,-0.2390,-0.1380,0.0000e+00,1.5928e-08,1.6874e-08,0.8142
-0.0585,-0.2309,-0.1512,0.0000e+00,1.8138e-08,1.4473e-08,0.6735
-0.0585,-0.2221,-0.1638,0.0000e+00,1.9962e-08,1.1832e-08,0.5350
-0.0585,-0.2126,-0.1760,0.0000e+00,2.1427e-08,8.9076e-09,0.3940
-0.0585,-0.1760,-0.2126,0.0000e+00,2.3163e-08,1.3960e-09,0.0602
-0.0585,-0.1638,-0.2221,0.0000e+00,2.3202e-08,3.5849e-10,0.0154
-0.0585,-0.1512,-0.2309,0.0000e+00,2.3205e-08,7.6915e-11,0.0033
-0.0585,-0.1380,-0.2390,0.0000e+00,2.3202e-08,3.6787e-10,0.0159
-0.0585,-0.1244,-0.2464,0.0000e+00,2.3202e-08,3.9058e-10,0.0168
-0.0585,-0.1104,-0.2529,0.0000e+00,1.9499e-08,-1.2579e-08,5.7103
-0.0585,-0.0961,-0.2587,0.0000e+00,1.9133e-08,-1.3130e-08,5.6818
-0.0585,-0.0461,-0.2721,0.0000e+00,1.9819e-08,1.2069e-08,0.5470
-0.0585,-0.0308,-0.2743,0.0000e+00,1.4692e-08,-1.7961e-08,5.3980
-0.0585,-0.0154,-0.2756,0.0000e+00,-7.8401e-09,2.1840e-08,1.9154
-0.0585,-0.0000,-0.2760,0.0000e+00,-9.5741e-09,2.1138e-08,1.9961
-0.0585,0.0154,-0.2756,0.0000e+00,-9.4317e-09,2.1202e-08,1.9894
-0.0585,0.0308,-0.2743,0.0000e+00,-8.3617e-09,2.1646e-08,1.9394
-0.0585,0.0461,-0.2721,0.0000e+00,-6.6760e-09,2.2224e-08,1.8626
-0.0585,0.0961,-0.2587,0.0000e+00,9.8462e-10,2.3184e-08,1.5284
-0.0585,0.1104,-0.2529,0.0000e+00,3.6061e-09,2.2923e-08,1.4148
-0.0585,0.1244,-0.2464,0.0000e+00,6.2556e-09,2.2346e-08,1.2978
-0.0585,0.1380,-0.2390,0.0000e+00,8.8612e-09,2.1446e-08,1.1790
-0.0585,0.1512,-0.2309,0.0000e+00,1.1466e-08,2.0174e-08,1.0540
-0.0585,0.1638,-0.2221,0.0000e+00,1.3923e-08,1.8564e-08,0.9273
-0.0585,0.1760,-0.2126,0.0000e+00,1.6326e-08,1.6490e-08,0.7904
-0.0585,0.2126,-0.1760,0.0000e+00,2.3205e-08,-3.8435e-11,6.2815
-0.0585,0.2221,-0.1638,0.0000e+00,2.3135e-08,-1.8030e-09,6.2054
-0.0585,0.2309,-0.1512,0.0000e+00,2.1041e-08,-9.7855e-09,5.8479
-0.0585,0.2390,-0.1380,0.0000e+00,1.4398e-08,-1.8197e-08,5.3818
-0.0585,0.2464,-0.1244,0.0000e+00,-2.3064e-09,-2.3090e-08,4.6128
-0.0585,0.2529,-0.1104,0.0000e+00,-1.7432e-08,-1.5317e-08,3.8625
-0.0585,0.2587,-0.0961,0.0000e+00,-2.2074e-08,-7.1539e-09,3.4550
-0.0405,0.2721,-0.0461,0.0000e+00,-2.1113e-08,9.6276e-09,2.7138
-0.0405,0.2743,-0.0308,0.0000e+00,-2.2136e-08,6.9623e-09,2.8369
-0.0405,0.2756,-0.0154,0.0000e+00,-2.3047e-08,2.7033e-09,3.0248
-0.0405,0.2760,0.0000,0.0000e+00,-2.3141e-08,-1.7135e-09,3.2155
-0.0405,0.2756,0.0154,0.0000e+00,-2.2743e-08,-4.6054e-09,3.3414
-0.0405,0.2743,0.0308,0.0000e+00,-2.2496e-08,-5.6902e-09,3.3893
-0.0405,0.2721,0.0461,0.0000e+00,-2.2567e-08,-5.4035e-09,3.3766
-0.0405,0.2587,0.0961,0.0000e+00,-2.3154e-08,-1.5398e-09,3.2080
-0.0405,0.2529,0.1104,0.0000e+00,-2.2917e-08,-3.6455e-09,3.2993
-0.0405,0.2464,0.1244,0.0000e+00,-1.6516e-08,-1.6299e-08,3.9204
-0.0405,0.2390,0.1380,0.0000e+00,-5.0630e-11,-2.3205e-08,4.7102
-0.0405,0.2309,0.1512,0.0000e+00,2.3205e-08,8.5061e-11,0.0037
-0.0405,0.2221,0.1638,0.0000e+00,2.3204e-08,1.2876e-10,0.0055
-0.0405,0.2126,0.1760,0.0000e+00,2.3203e-08,2.8777e-10,0.0124
-0.0405,0.1760,0.2126,0.0000e+00,2.3204e-08,1.2759e-10,0.0055
-0.0405,0.1638,0.2221,0.0000e+00,2.3204e-08,1.9527e-10,0.0084
-0.0405,0.1512,0.2309,0.0000e+00,2.3166e-08,1.3426e-09,0.0579
-0.0405,0.1380,0.2390,0.0000e+00,2.3204e-08,2.2013e-10,0.0095
-0.0405,0.1244,0.2464,0.0000e+00,2.3205e-08,3.9600e-11,0.0017
-0.0405,0.1104,0.2529,0.0000e+00,-1.3165e-08,-1.9108e-08,4.1091
-0.0405,0.0961,0.2587,0.0000e+00,-1.2669e-08,-1.9441e-08,4.1349
-0.0405,0.0461,0.2721,0.0000e+00,2.3205e-08,1.9715e-11,0.0008
-0.0405,0.0308,0.2743,0.0000e+00,2.3196e-08,6.4087e-10,0.0276
-0.0405,0.0154,0.2756,0.0000e+00,2.3177e-08,1.1360e-09,0.0490
-0.0405,0.0000,0.2760,0.0000e+00,2.3205e-08,5.3436e-13,0.0000
-0.0405,-0.0154,0.2756,0.0000e+00,2.3202e-08,3.7331e-10,0.0161
-0.0405,-0.0308,0.2743,0.0000e+00,2.3204e-08,1.9508e-10,0.0084
-0.0405,-0.0461,0.2721,0.0000e+00,2.3205e-08,4.1980e-13,0.0000
-0.0405,-0.0961,0.2587,0.0000e+00,2.3203e-08,2.9734e-10,0.0128
-0.0405,-0.1104,0.2529,0.0000e+00,2.3204e-08,2.0438e-10,0.0088
-0.0405,-0.1244,0.2464,0.0000e+00,2.3179e-08,1.0988e-09,0.0474
-0.0405,-0.1380,0.2390,0.0000e+00,2.3169e-08,1.2810e-09,0.0552
-0.0405,-0.1512,0.2309,0.0000e+00,2.3156e-08,1.5112e-09,0.0652
-0.0405,-0.1638,0.2221,0.0000e+00,2.3190e-08,8.4066e-10,0.0362
-0.0405,-0.1760,0.2126,0.0000e+00,2.3195e-08,6.7832e-10,0.0292
-0.0405,-0.2126,0.1760,0.0000e+00,2.3204e-08,1.2023e-10,0.0052
-0.0405,-0.2221,0.1638,0.0000e+00,2.3204e-08,1.4606e-10,0.0063
-0.0405,-0.2309,0.1512,0.0000e+00,2.3205e-08,9.2154e-11,0.0040
-0.0405,-0.2390,0.1380,0.0000e+00,2.3205e-08,5.2651e-11,0.0023
-0.0405,-0.2464,0.1244,0.0000e+00,2.3205e-08,1.4816e-11,0.0006
-0.0405,-0.2529,0.1104,0.0000e+00,1.0551e-08,-2.0667e-08,5.1844
-0.0405,-0.2587,0.0961,0.0000e+00,7.2480e-09,-2.2044e-08,5.0301
-0.0405,-0.2721,0.0461,0.0000e+00,-8.2167e-09,-2.1701e-08,4.3504
-0.0405,-0.2743,0.0308,0.0000e+00,-1.4693e-08,-1.7961e-08,4.0267
-0.0405,-0.2756,0.0154,0.0000e+00,-2.0955e-08,-9.9681e-09,3.5856
-0.0405,-0.2760,0.0000,0.0000e+00,-2.3096e-08,2.2441e-09,3.0447
-0.0405,-0.2756,-0.0154,0.0000e+00,-1.9102e-08,1.3175e-08,2.5378
-0.0405,-0.2743,-0.0308,0.0000e+00,-1.2754e-08,1.9385e-08,2.1527
-0.0405,-0.2721,-0.0461,0.0000e+00,-6.7932e-09,2.2188e-08,1.8679
-0.0405,-0.2587,-0.0961,0.0000e+00,7.5591e-09,2.1939e-08,1.2390
-0.0405,-0.2529,-0.1104,0.0000e+00,1.0790e-08,2.0544e-08,1.0872
-0.0405,-0.2464,-0.1244,0.0000e+00,1.3570e-08,1.8824e-08,0.9462
-0.0405,-0.2390,-0.1380,0.0000e+00,1.6053e-08,1.6756e-08,0.8068
-0.0405,-0.2309,-0.1512,0.0000e+00,1.8172e-08,1.4431e-08,0.6711
-0.0405,-0.2221,-0.1638,0.0000e+00,1.9923e-08,1.1896e-08,0.5383
-0.0405,-0.2126,-0.1760,0.0000e+00,2.1291e-08,9.2272e-09,0.4089
-0.0405,-0.1760,-0.2126,0.0000e+00,2.3200e-08,4.8354e-10,0.0208
-0.0405,-0.1638,-0.2221,0.0000e+00,2.3120e-08,1.9862e-09,0.0857
-0.0405,-0.1512,-0.2309,0.0000e+00,2.3205e-08,2.9409e-11,0.0013
-0.0405,-0.1380,-0.2390,0.0000e+00,2.3199e-08,5.3868e-10,0.0232
-0.0405,-0.1244,-0.2464,0.0000e+00,2.3204e-08,1.2951e-10,0.0056
-0.0405,-0.1104,-0.2529,0.0000e+00,2.3204e-08,2.0598e-10,0.0089
-0.0405,-0.0961,-0.2587,0.0000e+00,2.3158e-08,1.4767e-09,0.0637
-0.0405,-0.0461,-0.2721,0.0000e+00,2.2378e-08,6.1388e-09,0.2677
-0.0405,-0.0308,-0.2743,0.0000e+00,2.1878e-08,7.7346e-09,0.3398
-0.0405,-0.0154,-0.2756,0.0000e+00,2.1059e-08,9.7468e-09,0.4335
-0.0405,-0.0000,-0.2760,0.0000e+00,2.3205e-08,-2.3151e-13,6.2832
-0.0405,0.0154,-0.2756,0.0000e+00,2.3204e-08,-1.6445e-10,6.2761
-0.0405,0.0308,-0.2743,0.0000e+00,2.3205e-08,-6.5671e-11,6.2804
-0.0405,0.0461,-0.2721,0.0000e+00,1.3165e-08,1.9109e-08,0.9675
-0.0405,0.0961,-0.2587,0.0000e+00,1.2048e-08,1.9832e-08,1.0249
-0.0405,0.1104,-0.2529,0.0000e+00,1.2601e-08,1.9485e-08,0.9967
-0.0405,0.1244,-0.2464,0.0000e+00,1.3411e-08,1.8937e-08,0.9546
-0.0405,0.1380,-0.2390,0.0000e+00,2.3205e-08,-1.0871e-10,6.2785
-0.0405,0.1512,-0.2309,0.0000e+00,2.3205e-08,-4.9452e-11,6.2811
-0.0405,0.1638,-0.2221,0.0000e+00,1.5840e-08,1.6958e-08,0.8195
-0.0405,0.1760,-0.2126,0.0000e+00,1.6513e-08,1.6303e-08,0.7790
-0.0405,0.2126,-0.1760,0.0000e+00,1.5284e-08,1.7460e-08,0.8518
-0.0405,0.2221,-0.1638,0.0000e+00,4.7429e-09,2.2715e-08,1.3650
-0.0405,0.2309,-0.1512,0.0000e+00,-1.8235e-08,1.4351e-08,2.4748
-0.0405,0.2390,-0.1380,0.0000e+00,-2.1166e-08,9.5121e-09,2.7192
-0.0405,0.2464,-0.1244,0.0000e+00,-2.1677e-08,8.2809e-09,2.7767
-0.0405,0.2529,-0.1104,0.0000e+00,-2.1529e-08,8.6586e-09,2.7592
-0.0405,0.2587,-0.0961,0.0000e+00,-2.1150e-08,9.5461e-09,2.7176
0.0045,0.2721,-0.0461,0.0000e+00,-2.3138e-08,-1.7654e-09,3.2177
0.0045,0.2743,-0.0308,0.0000e+00,-2.2910e-08,-3.6874e-09,3.3012
0.0045,0.2756,-0.0154,0.0000e+00,-2.2651e-08,-5.0389e-09,3.3605
0.0045,0.2760,0.0000,0.0000e+00,-2.2545e-08,-5.4923e-09,3.3806
0.0045,0.2756,0.0154,0.0000e+00,-2.2665e-08,-4.9762e-09,3.3577
0.0045,0.2743,0.0308,0.0000e+00,-2.2918e-08,-3.6382e-09,3.2990
0.0045,0.2721,0.0461,0.0000e+00,-2.3149e-08,-1.6108e-09,3.2111
0.0045,0.2587,0.0961,0.0000e+00,-2.1735e-08,8.1260e-09,2.7838
0.0045,0.2529,0.1104,0.0000e+00,-2.0274e-08,1.1289e-08,2.6335
0.0045,0.2464,0.1244,0.0000e+00,-1.8337e-08,1.4220e-08,2.4820
0.0045,0.2390,0.1380,0.0000e+00,-1.7136e-08,1.5647e-08,2.4016
0.0045,0.2309,0.1512,0.0000e+00,-2.3181e-08,1.0607e-09,3.0959
0.0045,0.2221,0.1638,0.0000e+00,2.3200e-08,4.6881e-10,0.0202
0.0045,0.2126,0.1760,0.0000e+00,2.3204e-08,1.7718e-10,0.0076
0.0045,0.1760,0.2126,0.0000e+00,2.3204e-08,1.3070e-10,0.0056
0.0045,0.1638,0.2221,0.0000e+00,2.3205e-08,9.5437e-11,0.0041
0.0045,0.1512,0.2309,0.0000e+00,2.3205e-08,4.0215e-11,0.0017
0.0045,0.1380,0.2390,0.0000e+00,2.3204e-08,1.5600e-10,0.0067
0.0045,0.1244,0.2464,0.0000e+00,-1.3582e-08,-1.8815e-08,4.0871
0.0045,0.1104,0.2529,0.0000e+00,2.3196e-08,6.5368e-10,0.0282
0.0045,0.0961,0.2587,0.0000e+00,-1.5875e-08,-1.6925e-08,3.9590
0.0045,0.0461,0.2721,0.0000e+00,4.8309e-09,2.2696e-08,1.3611
0.0045,0.0308,0.2743,0.0000e+00,2.1267e-08,9.2823e-09,0.4115
0.0045,0.0154,0.2756,0.0000e+00,2.2367e-08,6.1787e-09,0.2695
0.0045,0.0000,0.2760,0.0000e+00,2.2752e-08,4.5599e-09,0.1978
0.0045,-0.0154,0.2756,0.0000e+00,2.3097e-08,2.2389e-09,0.0966
0.0045,-0.0308,0.2743,0.0000e+00,1.9696e-08,-1.2269e-08,5.7261
0.0045,-0.0461,0.2721,0.0000e+00,2.0322e-08,-1.1202e-08,5.7794
0.0045,-0.0961,0.2587,0.0000e+00,2.3100e-08,2.1987e-09,0.0949
0.0045,-0.1104,0.2529,0.0000e+00,2.3099e-08,2.2097e-09,0.0954
0.0045,-0.1244,0.2464,0.0000e+00,2.3066e-08,2.5381e-09,0.1096
0.0045,-0.1380,0.2390,0.0000e+00,2.3078e-08,2.4185e-09,0.1044
0.0045,-0.1512,0.2309,0.0000e+00,2.2962e-08,3.3474e-09,0.1448
0.0045,-0.1638,0.2221,0.0000e+00,2.2883e-08,3.8526e-09,0.1668
0.0045,-0.1760,0.2126,0.0000e+00,1.4305e-08,-1.8271e-08,5.3767
0.0045,-0.2126,0.1760,0.0000e+00,-2.3202e-08,3.7691e-10,3.1253
0.0045,-0.2221,0.1638,0.0000e+00,-2.1233e-08,9.3618e-09,2.7263
0.0045,-0.2309,0.1512,0.0000e+00,-1.9795e-08,1.2109e-08,2.5926
0.0045,-0.2390,0.1380,0.0000e+00,-1.9001e-08,1.3321e-08,2.5301
0.0045,-0.2464,0.1244,0.0000e+00,-1.7937e-08,1.4721e-08,2.4544
0.0045,-0.2529,0.1104,0.0000e+00,-1.6633e-08,1.6180e-08,2.3700
0.0045,-0.2587,0.0961,0.0000e+00,-1.5021e-08,1.7687e-08,2.2748
0.0045,-0.2721,0.0461,0.0000e+00,-6.9923e-09,2.2126e-08,1.8769
0.0045,-0.2743,0.0308,0.0000e+00,-3.5196e-09,2.2936e-08,1.7231
0.0045,-0.2756,0.0154,0.0000e+00,7.9611e-10,2.3191e-08,1.5365
0.0045,-0.2760,0.0000,0.0000e+00,6.4953e-09,2.2277e-08,1.2871
0.0045,-0.2756,-0.0154,0.0000e+00,1.3916e-08,1.8569e-08,0.9276
0.0045,-0.2743,-0.0308,0.0000e+00,1.9647e-08,1.2348e-08,0.5611
0.0045,-0.2721,-0.0461,0.0000e+00,2.2553e-08,5.4607e-09,0.2376
0.0045,-0.2587,-0.0961,0.0000e+00,2.3197e-08,6.0692e-10,0.0262
0.0045,-0.2529,-0.1104,0.0000e+00,2.3201e-08,4.2841e-10,0.0185
0.0045,-0.2464,-0.1244,0.0000e+00,2.3200e-08,4.5228e-10,0.0195
0.0045,-0.2390,-0.1380,0.0000e+00,2.3200e-08,4.6853e-10,0.0202
0.0045,-0.2309,-0.1512,0.0000e+00,2.3203e-08,2.6379e-10,0.0114
0.0045,-0.2221,-0.1638,0.0000e+00,2.3195e-08,6.8107e-10,0.0294
0.0045,-0.2126,-0.1760,0.0000e+00,-1.1430e-08,-2.0194e-08,4.1973
0.0045,-0.1760,-0.2126,0.0000e+00,1.0087e-08,2.0898e-08,1.1211
0.0045,-0.1638,-0.2221,0.0000e+00,2.2625e-08,5.1556e-09,0.2240
0.0045,-0.1512,-0.2309,0.0000e+00,2.2980e-08,3.2208e-09,0.1393
0.0045,-0.1380,-0.2390,0.0000e+00,1.7291e-08,1.5476e-08,0.7301
0.0045,-0.1244,-0.2464,0.0000e+00,2.2003e-08,7.3695e-09,0.3232
0.0045,-0.1104,-0.2529,0.0000e+00,2.0025e-08,1.1725e-08,0.5297
0.0045,-0.0961,-0.2587,0.0000e+00,-7.9938e-09,2.1784e-08,1.9225
0.0045,-0.0461,-0.2721,0.0000e+00,2.3205e-08,-9.7003e-13,6.2831
0.0045,-0.0308,-0.2743,0.0000e+00,2.3189e-08,-8.6024e-10,6.2461
0.0045,-0.0154,-0.2756,0.0000e+00,2.8940e-09,2.3024e-08,1.4458
0.0045,-0.0000,-0.2760,0.0000e+00,2.3204e-08,-1.9777e-10,6.2747
0.0045,0.0154,-0.2756,0.0000e+00,5.2836e-09,2.2595e-08,1.3411
0.0045,0.0308,-0.2743,0.0000e+00,2.3205e-08,-1.0333e-10,6.2787
0.0045,0.0461,-0.2721,0.0000e+00,8.6230e-09,2.1543e-08,1.1901
0.0045,0.0961,-0.2587,0.0000e+00,2.3205e-08,-1.6105e-11,6.2825
0.0045,0.1104,-0.2529,0.0000e+00,2.3205e-08,-3.8312e-11,6.2815
0.0045,0.1244,-0.2464,0.0000e+00,2.3203e-08,-2.8820e-10,6.2708
0.0045,0.1380,-0.2390,0.0000e+00,1.8859e-08,1.3520e-08,0.6220
0.0045,0.1512,-0.2309,0.0000e+00,1.9814e-08,1.2078e-08,0.5474
0.0045,0.1638,-0.2221,0.0000e+00,2.0565e-08,1.0748e-08,0.4816
0.0045,0.1760,-0.2126,0.0000e+00,2.1007e-08,9.8579e-09,0.4388
0.0045,0.2126,-0.1760,0.0000e+00,-2.2812e-08,4.2530e-09,2.9573
0.0045,0.2221,-0.1638,0.0000e+00,-2.3198e-08,-5.5416e-10,3.1655
0.0045,0.2309,-0.1512,0.0000e+00,-2.3204e-08,1.2043e-10,3.1364
0.0045,0.2390,-0.1380,0.0000e+00,-2.3186e-08,9.2417e-10,3.1018
0.0045,0.2464,-0.1244,0.0000e+00,-2.3144e-08,1.6816e-09,3.0691
0.0045,0.2529,-0.1104,0.0000e+00,-2.3097e-08,2.2368e-09,3.0450
0.0045,0.2587,-0.0961,0.0000e+00,-2.3082e-08,2.3818e-09,3.0388
0.1125,0.2721,-0.0461,0.0000e+00,-1.6003e-08,-1.6804e-08,3.9514
0.1125,0.2743,-0.0308,0.0000e+00,-1.9293e-08,-1.2894e-08,3.7307
0.1125,0.2756,-0.0154,0.0000e+00,-2.1797e-08,-7.9603e-09,3.4918
0.1125,0.2760,0.0000,0.0000e+00,-2.3097e-08,-2.2339e-09,3.2380
0.1125,0.2756,0.0154,0.0000e+00,-2.2910e-08,3.6856e-09,2.9821
0.1125,0.2743,0.0308,0.0000e+00,-2.1276e-08,9.2634e-09,2.7309
0.1125,0.2721,0.0461,0.0000e+00,-1.8495e-08,1.4014e-08,2.4932
0.1125,0.2587,0.0961,0.0000e+00,-5.7879e-09,2.2471e-08,1.8229
0.1125,0.2529,0.1104,0.0000e+00,-1.9734e-09,2.3121e-08,1.6559
0.1125,0.2464,0.1244,0.0000e+00,1.6354e-09,2.3147e-08,1.5003
0.1125,0.2390,0.1380,0.0000e+00,4.9985e-09,2.2660e-08,1.3537
0.1125,0.2309,0.1512,0.0000e+00,8.0670e-09,2.1757e-08,1.2157
0.1125,0.2221,0.1638,0.0000e+00,1.0846e-08,2.0514e-08,1.0844
0.1125,0.2126,0.1760,0.0000e+00,1.3335e-08,1.8991e-08,0.9586
0.1125,0.1760,0.2126,0.0000e+00,2.3205e-08,-1.7480e-12,6.2831
0.1125,0.1638,0.2221,0.0000e+00,2.0726e-08,1.0435e-08,0.4664
0.1125,0.1512,0.2309,0.0000e+00,2.1710e-08,8.1933e-09,0.3609
0.1125,0.1380,0.2390,0.0000e+00,2.2441e-08,5.9032e-09,0.2572
0.1125,0.1244,0.2464,0.0000e+00,2.2927e-08,3.5785e-09,0.1548
0.1125,0.1104,0.2529,0.0000e+00,2.3177e-08,1.1296e-09,0.0487
0.1125,0.0961,0.2587,0.0000e+00,2.3194e-08,7.1851e-10,0.0310
0.1125,0.0461,0.2721,0.0000e+00,2.3205e-08,9.3009e-12,0.0004
0.1125,0.0308,0.2743,0.0000e+00,2.3205e-08,4.2812e-11,0.0018
0.1125,0.0154,0.2756,0.0000e+00,2.3205e-08,4.2916e-11,0.0018
0.1125,0.0000,0.2760,0.0000e+00,2.3205e-08,4.5750e-11,0.0020
0.1125,-0.0154,0.2756,0.0000e+00,2.3204e-08,2.2832e-10,0.0098
0.1125,-0.0308,0.2743,0.0000e+00,2.3201e-08,4.3006e-10,0.0185
0.1125,-0.0461,0.2721,0.0000e+00,2.3196e-08,6.5277e-10,0.0281
0.1125,-0.0961,0.2587,0.0000e+00,2.0460e-08,-1.0947e-08,5.7919
0.1125,-0.1104,0.2529,0.0000e+00,1.9842e-08,-1.2031e-08,5.7381
0.1125,-0.1244,0.2464,0.0000e+00,1.8909e-08,-1.3450e-08,5.6649
0.1125,-0.1380,0.2390,0.0000e+00,1.7622e-08,-1.5098e-08,5.5748
0.1125,-0.1512,0.2309,0.0000e+00,1.5948e-08,-1.6856e-08,5.4701
0.1125,-0.1638,0.2221,0.0000e+00,1.3864e-08,-1.8608e-08,5.3527
0.1125,-0.1760,0.2126,0.0000e+00,1.1331e-08,-2.0250e-08,5.2225
0.1125,-0.2126,0.1760,0.0000e+00,-1.7798e-10,-2.3204e-08,4.7047
0.1125,-0.2221,0.1638,0.0000e+00,-4.3556e-09,-2.2792e-08,4.5236
0.1125,-0.2309,0.1512,0.0000e+00,-8.6935e-09,-2.1515e-08,4.3284
0.1125,-0.2390,0.1380,0.0000e+00,-1.2976e-08,-1.9238e-08,4.1190
0.1125,-0.2464,0.1244,0.0000e+00,-1.6919e-08,-1.5882e-08,3.8954
0.1125,-0.2529,0.1104,0.0000e+00,-2.0161e-08,-1.1488e-08,3.6595
0.1125,-0.2587,0.0961,0.0000e+00,-2.2343e-08,-6.2635e-09,3.4149
0.1125,-0.2721,0.0461,0.0000e+00,-2.0112e-08,1.1575e-08,2.6194
0.1125,-0.2743,0.0308,0.0000e+00,-1.7588e-08,1.5136e-08,2.4310
0.1125,-0.2756,0.0154,0.0000e+00,-1.5459e-08,1.7306e-08,2.2999
0.1125,-0.2760,0.0000,0.0000e+00,-1.4710e-08,1.7946e-08,2.2574
0.1125,-0.2756,-0.0154,0.0000e+00,-1.5980e-08,1.6826e-08,2.3304
0.1125,-0.2743,-0.0308,0.0000e+00,-1.7607e-08,1.5115e-08,2.4322
0.1125,-0.2721,-0.0461,0.0000e+00,-1.8172e-08,1.4431e-08,2.4704
0.1125,-0.2587,-0.0961,0.0000e+00,-1.2298e-08,1.9678e-08,2.1294
0.1125,-0.2529,-0.1104,0.0000e+00,-9.0890e-09,2.1351e-08,1.9733
0.1125,-0.2464,-0.1244,0.0000e+00,-5.5315e-09,2.2536e-08,1.8115
0.1125,-0.2390,-0.1380,0.0000e+00,-1.8186e-09,2.3133e-08,1.6492
0.1125,-0.2309,-0.1512,0.0000e+00,2.3205e-08,-3.2326e-11,6.2818
0.1125,-0.2221,-0.1638,0.0000e+00,2.3205e-08,-1.7463e-11,6.2824
0.1125,-0.2126,-0.1760,0.0000e+00,9.2388e-09,2.1286e-08,1.1613
0.1125,-0.1760,-0.2126,0.0000e+00,1.8765e-08,1.3650e-08,0.6289
0.1125,-0.1638,-0.2221,0.0000e+00,2.0670e-08,1.0545e-08,0.4717
0.1125,-0.1512,-0.2309,0.0000e+00,2.2017e-08,7.3289e-09,0.3213
0.1125,-0.1380,-0.2390,0.0000e+00,2.2870e-08,3.9303e-09,0.1702
0.1125,-0.1244,-0.2464,0.0000e+00,2.3197e-08,6.1464e-10,0.0265
0.1125,-0.1104,-0.2529,0.0000e+00,2.3172e-08,1.2375e-09,0.0534
0.1125,-0.0961,-0.2587,0.0000e+00,2.1825e-08,7.8830e-09,0.3466
0.1125,-0.0461,-0.2721,0.0000e+00,2.3201e-08,-4.4106e-10,6.2642
0.1125,-0.0308,-0.2743,0.0000e+00,-3.5587e-09,2.2930e-08,1.7248
0.1125,-0.0154,-0.2756,0.0000e+00,1.0093e-09,2.3183e-08,1.5273
0.1125,-0.0000,-0.2760,0.0000e+00,5.4839e-09,2.2547e-08,1.3322
0.1125,0.0154,-0.2756,0.0000e+00,9.6331e-09,2.1111e-08,1.1427
0.1125,0.0308,-0.2743,0.0000e+00,1.3311e-08,1.9007e-08,0.9599
0.1125,0.0461,-0.2721,0.0000e+00,1.6417e-08,1.6400e-08,0.7849
0.1125,0.0961,-0.2587,0.0000e+00,2.2430e-08,5.9451e-09,0.2591
0.1125,0.1104,-0.2529,0.0000e+00,2.3043e-08,2.7363e-09,0.1182
0.1125,0.1244,-0.2464,0.0000e+00,2.3204e-08,1.6700e-10,0.0072
0.1125,0.1380,-0.2390,0.0000e+00,2.3205e-08,4.8224e-11,0.0021
0.1125,0.1512,-0.2309,0.0000e+00,2.3205e-08,1.6501e-11,0.0007
0.1125,0.1638,-0.2221,0.0000e+00,2.3205e-08,3.5524e-13,0.0000
0.1125,0.1760,-0.2126,0.0000e+00,2.3205e-08,2.6432e-12,0.0001
0.1125,0.2126,-0.1760,0.0000e+00,2.3205e-08,1.6887e-14,0.0000
0.1125,0.2221,-0.1638,0.0000e+00,2.3205e-08,5.9075e-15,0.0000
0.1125,0.2309,-0.1512,0.0000e+00,2.3205e-08,1.4992e-14,0.0000
0.1125,0.2390,-0.1380,0.0000e+00,2.3205e-08,2.1097e-14,0.0000
0.1125,0.2464,-0.1244,0.0000e+00,2.3205e-08,2.8693e-14,0.0000
0.1125,0.2529,-0.1104,0.0000e+00,2.3205e-08,4.1636e-14,0.0000
0.1125,0.2587,-0.0961,0.0000e+00,2.3205e-08,6.6191e-14,0.0000
