x[m],y[m],z[m],dirx[m^2A],diry[m^2A],dirz[m^2A],rotation_xy[rad]
-0.1755,0.2721,-0.0461,0.0000e+00,1.5910e-08,1.6892e-08,0.8153
-0.1755,0.2743,-0.0308,0.0000e+00,5.3921e-09,2.2570e-08,1.3363
-0.1755,0.2756,-0.0154,0.0000e+00,-2.9657e-09,2.3014e-08,1.6990
-0.1755,0.2760,0.0000,0.0000e+00,-9.7329e-09,2.1065e-08,2.0036
-0.1755,0.2756,0.0154,0.0000e+00,-1.1626e-08,2.0082e-08,2.0956
-0.1755,0.2743,0.0308,0.0000e+00,-1.3956e-08,1.8539e-08,2.2161
-0.1755,0.2721,0.0461,0.0000e+00,-1.3703e-08,1.8727e-08,2.2025
-0.1755,0.2587,0.0961,0.0000e+00,-1.2112e-08,1.9793e-08,2.1199
-0.1755,0.2529,0.1104,0.0000e+00,-1.0629e-08,2.0627e-08,2.0466
-0.1755,0.2464,0.1244,0.0000e+00,-1.0123e-08,2.0880e-08,2.0222
-0.1755,0.2390,0.1380,0.0000e+00,-1.0311e-08,2.0788e-08,2.0312
-0.1755,0.2309,0.1512,0.0000e+00,-1.0513e-08,2.0687e-08,2.0410
-0.1755,0.2221,0.1638,0.0000e+00,-1.1531e-08,2.0137e-08,2.0908
-0.1755,0.2126,0.1760,0.0000e+00,-1.3163e-08,1.9110e-08,2.1740
-0.1755,0.1760,0.2126,0.0000e+00,-1.9301e-08,1.2881e-08,2.5531
-0.1755,0.1638,0.2221,0.0000e+00,-2.0697e-08,1.0493e-08,2.6724
-0.1755,0.1512,0.2309,0.0000e+00,-2.1735e-08,8.1261e-09,2.7838
-0.1755,0.1380,0.2390,0.0000e+00,-2.2430e-08,5.9459e-09,2.8825
-0.1755,0.1244,0.2464,0.0000e+00,-2.2860e-08,3.9874e-09,2.9689
-0.1755,0.1104,0.2529,0.0000e+00,-2.3037e-08,2.7832e-09,3.0214
-0.1755,0.0961,0.2587,0.0000e+00,-2.3119e-08,1.9961e-09,3.0555
-0.1755,0.0461,0.2721,0.0000e+00,-2.3167e-08,1.3192e-09,3.0847
-0.1755,0.0308,0.2743,0.0000e+00,-2.3184e-08,9.7541e-10,3.0995
-0.1755,0.0154,0.2756,0.0000e+00,-2.3192e-08,7.6177e-10,3.1088
-0.1755,0.0000,0.2760,0.0000e+00,-2.3198e-08,5.4540e-10,3.1181
-0.1755,-0.0154,0.2756,0.0000e+00,-2.3203e-08,2.6415e-10,3.1302
-0.1755,-0.0308,0.2743,0.0000e+00,-1.9472e-08,1.2622e-08,2.5665
-0.1755,-0.0461,0.2721,0.0000e+00,-1.1676e-08,2.0053e-08,2.0981
-0.1755,-0.0961,0.2587,0.0000e+00,-1.0748e-08,2.0566e-08,2.0524
-0.1755,-0.1104,0.2529,0.0000e+00,-9.7747e-10,2.3184e-08,1.6129
-0.1755,-0.1244,0.2464,0.0000e+00,2.2319e-08,6.3517e-09,0.2773
-0.1755,-0.1380,0.2390,0.0000e+00,2.3205e-08,7.8865e-15,0.0000
-0.1755,-0.1512,0.2309,0.0000e+00,1.9458e-08,1.2644e-08,0.5762
-0.1755,-0.1638,0.2221,0.0000e+00,1.1370e-08,2.0228e-08,1.0587
-0.1755,-0.1760,0.2126,0.0000e+00,-4.5218e-09,2.2760e-08,1.7669
-0.1755,-0.2126,0.1760,0.0000e+00,-4.1287e-09,2.2835e-08,1.7497
-0.1755,-0.2221,0.1638,0.0000e+00,5.4647e-10,2.3198e-08,1.5472
-0.1755,-0.2309,0.1512,0.0000e+00,4.8717e-09,2.2688e-08,1.3593
-0.1755,-0.2390,0.1380,0.0000e+00,2.1666e-08,8.3105e-09,0.3663
-0.1755,-0.2464,0.1244,0.0000e+00,2.1466e-08,8.8121e-09,0.3895
-0.1755,-0.2529,0.1104,0.0000e+00,1.2965e-08,1.9245e-08,0.9780
-0.1755,-0.2587,0.0961,0.0000e+00,2.2107e-08,7.0513e-09,0.3088
-0.1755,-0.2721,0.0461,0.0000e+00,1.6249e-08,1.6566e-08,0.7951
-0.1755,-0.2743,0.0308,0.0000e+00,1.4855e-11,2.3205e-08,1.5702
-0.1755,-0.2756,0.0154,0.0000e+00,1.0347e-08,2.0770e-08,1.1086
-0.1755,-0.2760,0.0000,0.0000e+00,-1.0101e-08,2.0891e-08,2.0212
-0.1755,-0.2756,-0.0154,0.0000e+00,-1.3089e-08,1.9161e-08,2.1701
-0.1755,-0.2743,-0.0308,0.0000e+00,-1.5336e-08,1.7414e-08,2.2928
-0.1755,-0.2721,-0.0461,0.0000e+00,-1.6364e-08,1.6452e-08,2.3535
-0.1755,-0.2587,-0.0961,0.0000e+00,-1.3879e-08,1.8597e-08,2.2119
-0.1755,-0.2529,-0.1104,0.0000e+00,-1.2924e-08,1.9272e-08,2.1615
-0.1755,-0.2464,-0.1244,0.0000e+00,-8.2761e-09,2.1679e-08,1.9355
-0.1755,-0.2390,-0.1380,0.0000e+00,-1.2666e-08,1.9443e-08,2.1482
-0.1755,-0.2309,-0.1512,0.0000e+00,-9.6520e-09,2.1102e-08,1.9998
-0.1755,-0.2221,-0.1638,0.0000e+00,-1.0335e-08,2.0776e-08,2.0324
-0.1755,-0.2126,-0.1760,0.0000e+00,-1.1923e-08,1.9908e-08,2.1104
-0.1755,-0.1760,-0.2126,0.0000e+00,-1.8762e-08,1.3654e-08,2.5125
-0.1755,-0.1638,-0.2221,0.0000e+00,-2.0360e-08,1.1132e-08,2.6412
-0.1755,-0.1512,-0.2309,0.0000e+00,-2.1546e-08,8.6161e-09,2.7612
-0.1755,-0.1380,-0.2390,0.0000e+00,-2.2351e-08,6.2382e-09,2.8694
-0.1755,-0.1244,-0.2464,0.0000e+00,-2.2832e-08,4.1408e-09,2.9622
-0.1755,-0.1104,-0.2529,0.0000e+00,-2.3077e-08,2.4326e-09,3.0366
-0.1755,-0.0961,-0.2587,0.0000e+00,-2.3176e-08,1.1502e-09,3.0920
-0.1755,-0.0461,-0.2721,0.0000e+00,-2.3172e-08,-1.2353e-09,3.1949
-0.1755,-0.0308,-0.2743,0.0000e+00,-2.3133e-08,-1.8295e-09,3.2205
-0.1755,-0.0154,-0.2756,0.0000e+00,-2.3090e-08,-2.3018e-09,3.2409
-0.1755,-0.0000,-0.2760,0.0000e+00,-2.3061e-08,-2.5775e-09,3.2529
-0.1755,0.0154,-0.2756,0.0000e+00,-2.3045e-08,-2.7157e-09,3.2589
-0.1755,0.0308,-0.2743,0.0000e+00,-1.4457e-08,1.8151e-08,2.2434
-0.1755,0.0461,-0.2721,0.0000e+00,8.5126e-10,2.3189e-08,1.5341
-0.1755,0.0961,-0.2587,0.0000e+00,-2.0414e-08,1.1032e-08,2.6461
-0.1755,0.1104,-0.2529,0.0000e+00,-1.1768e-08,2.0000e-08,2.1026
-0.1755,0.1244,-0.2464,0.0000e+00,2.1899e-08,7.6757e-09,0.3371
-0.1755,0.1380,-0.2390,0.0000e+00,2.3025e-08,2.8808e-09,0.1245
-0.1755,0.1512,-0.2309,0.0000e+00,2.3205e-08,5.9034e-16,0.0000
-0.1755,0.1638,-0.2221,0.0000e+00,2.3090e-08,2.3095e-09,0.0997
-0.1755,0.1760,-0.2126,0.0000e+00,-2.3110e-08,2.0962e-09,3.0511
-0.1755,0.2126,-0.1760,0.0000e+00,-1.2724e-08,1.9405e-08,2.1512
-0.1755,0.2221,-0.1638,0.0000e+00,-1.0740e-08,2.0570e-08,2.0520
-0.1755,0.2309,-0.1512,0.0000e+00,1.2673e-09,2.3170e-08,1.5162
-0.1755,0.2390,-0.1380,0.0000e+00,1.9530e-08,1.2532e-08,0.5705
-0.1755,0.2464,-0.1244,0.0000e+00,7.3415e-09,2.2013e-08,1.2489
-0.1755,0.2529,-0.1104,0.0000e+00,1.3782e-08,1.8669e-08,0.9349
-0.1755,0.2587,-0.0961,0.0000e+00,2.1737e-08,8.1218e-09,0.3576
-0.0585,0.2721,-0.0461,0.0000e+00,1.7439e-08,1.5308e-08,0.7204
-0.0585,0.2743,-0.0308,0.0000e+00,1.5284e-08,1.7461e-08,0.8518
-0.0585,0.2756,-0.0154,0.0000e+00,9.8866e-09,2.0993e-08,1.1307
-0.0585,0.2760,0.0000,0.0000e+00,1.5679e-09,2.3152e-08,1.5032
-0.0585,0.2756,0.0154,0.0000e+00,-1.4087e-08,1.8440e-08,2.2231
-0.0585,0.2743,0.0308,0.0000e+00,-1.6359e-08,1.6457e-08,2.3532
-0.0585,0.2721,0.0461,0.0000e+00,-1.8936e-08,1.3413e-08,2.5253
-0.0585,0.2587,0.0961,0.0000e+00,-4.4975e-09,2.2765e-08,1.7658
-0.0585,0.2529,0.1104,0.0000e+00,-3.1189e-09,2.2994e-08,1.7056
-0.0585,0.2464,0.1244,0.0000e+00,5.9069e-11,2.3205e-08,1.5683
-0.0585,0.2390,0.1380,0.0000e+00,-1.7432e-09,2.3139e-08,1.6460
-0.0585,0.2309,0.1512,0.0000e+00,-6.3460e-09,2.2320e-08,1.8478
-0.0585,0.2221,0.1638,0.0000e+00,-1.3852e-08,1.8617e-08,2.2105
-0.0585,0.2126,0.1760,0.0000e+00,-2.0501e-08,1.0871e-08,2.6540
-0.0585,0.1760,0.2126,0.0000e+00,-2.3014e-08,-2.9671e-09,3.2698
-0.0585,0.1638,0.2221,0.0000e+00,-2.2614e-08,5.2040e-09,2.9154
-0.0585,0.1512,0.2309,0.0000e+00,-1.7512e-08,1.5225e-08,2.4260
-0.0585,0.1380,0.2390,0.0000e+00,-1.1466e-08,2.0174e-08,2.0876
-0.0585,0.1244,0.2464,0.0000e+00,-2.1065e-09,2.3109e-08,1.6617
-0.0585,0.1104,0.2529,0.0000e+00,7.8527e-10,2.3191e-08,1.5369
-0.0585,0.0961,0.2587,0.0000e+00,-5.6576e-09,2.2505e-08,1.8171
-0.0585,0.0461,0.2721,0.0000e+00,-2.2845e-08,-4.0730e-09,3.3180
-0.0585,0.0308,0.2743,0.0000e+00,-2.1474e-08,-8.7935e-09,3.5303
-0.0585,0.0154,0.2756,0.0000e+00,-2.3192e-08,-7.5994e-10,3.1743
-0.0585,0.0000,0.2760,0.0000e+00,-1.7643e-08,1.5073e-08,2.4346
-0.0585,-0.0154,0.2756,0.0000e+00,-1.1829e-08,1.9963e-08,2.1057
-0.0585,-0.0308,0.2743,0.0000e+00,-7.7423e-09,2.1875e-08,1.9110
-0.0585,-0.0461,0.2721,0.0000e+00,-8.0781e-09,2.1753e-08,1.9264
-0.0585,-0.0961,0.2587,0.0000e+00,-1.8466e-08,1.4053e-08,2.4911
-0.0585,-0.1104,0.2529,0.0000e+00,-2.0199e-08,1.1422e-08,2.6270
-0.0585,-0.1244,0.2464,0.0000e+00,-1.9425e-08,1.2694e-08,2.5627
-0.0585,-0.1380,0.2390,0.0000e+00,-1.2782e-08,1.9367e-08,2.1542
-0.0585,-0.1512,0.2309,0.0000e+00,-2.7999e-09,2.3035e-08,1.6918
-0.0585,-0.1638,0.2221,0.0000e+00,3.8137e-09,2.2889e-08,1.4057
-0.0585,-0.1760,0.2126,0.0000e+00,5.8214e-09,2.2463e-08,1.3172
-0.0585,-0.2126,0.1760,0.0000e+00,2.2043e-08,7.2493e-09,0.3177
-0.0585,-0.2221,0.1638,0.0000e+00,1.7922e-08,1.4739e-08,0.6883
-0.0585,-0.2309,0.1512,0.0000e+00,5.1295e-09,2.2631e-08,1.3479
-0.0585,-0.2390,0.1380,0.0000e+00,-9.5331e-09,2.1156e-08,1.9942
-0.0585,-0.2464,0.1244,0.0000e+00,-1.4208e-08,1.8347e-08,2.2297
-0.0585,-0.2529,0.1104,0.0000e+00,-1.0938e-08,2.0465e-08,2.0616
-0.0585,-0.2587,0.0961,0.0000e+00,1.0206e-08,2.0840e-08,1.1154
-0.0585,-0.2721,0.0461,0.0000e+00,1.6861e-08,1.5942e-08,0.7574
-0.0585,-0.2743,0.0308,0.0000e+00,1.3534e-08,1.8850e-08,0.9481
-0.0585,-0.2756,0.0154,0.0000e+00,8.5918e-09,2.1556e-08,1.1915
-0.0585,-0.2760,0.0000,0.0000e+00,8.9879e-10,2.3187e-08,1.5321
-0.0585,-0.2756,-0.0154,0.0000e+00,-8.7403e-09,2.1496e-08,1.9570
-0.0585,-0.2743,-0.0308,0.0000e+00,-1.7958e-08,1.4696e-08,2.4557
-0.0585,-0.2721,-0.0461,0.0000e+00,-2.0304e-08,1.1234e-08,2.6362
-0.0585,-0.2587,-0.0961,0.0000e+00,-6.2764e-09,2.2340e-08,1.8447
-0.0585,-0.2529,-0.1104,0.0000e+00,-3.4005e-09,2.2954e-08,1.7179
-0.0585,-0.2464,-0.1244,0.0000e+00,-1.3014e-09,2.3168e-08,1.6269
-0.0585,-0.2390,-0.1380,0.0000e+00,-2.6328e-09,2.3055e-08,1.6845
-0.0585,-0.2309,-0.1512,0.0000e+00,-4.0300e-09,2.2852e-08,1.7454
-0.0585,-0.2221,-0.1638,0.0000e+00,-1.0376e-08,2.0756e-08,2.0344
-0.0585,-0.2126,-0.1760,0.0000e+00,-1.7173e-08,1.5606e-08,2.4039
-0.0585,-0.1760,-0.2126,0.0000e+00,-2.2304e-08,-6.4017e-09,3.4211
-0.0585,-0.1638,-0.2221,0.0000e+00,-2.3061e-08,2.5777e-09,3.0303
-0.0585,-0.1512,-0.2309,0.0000e+00,-1.8692e-08,1.3750e-08,2.5074
-0.0585,-0.1380,-0.2390,0.0000e+00,-5.7922e-09,2.2470e-08,1.8231
-0.0585,-0.1244,-0.2464,0.0000e+00,-2.3055e-09,2.3090e-08,1.6703
-0.0585,-0.1104,-0.2529,0.0000e+00,-1.5680e-09,2.3152e-08,1.6384
-0.0585,-0.0961,-0.2587,0.0000e+00,-7.3304e-09,2.2017e-08,1.8922
-0.0585,-0.0461,-0.2721,0.0000e+00,-2.2033e-08,-7.2812e-09,3.4608
-0.0585,-0.0308,-0.2743,0.0000e+00,-2.2201e-08,-6.7514e-09,3.4368
-0.0585,-0.0154,-0.2756,0.0000e+00,-2.3173e-08,1.2090e-09,3.0895
-0.0585,-0.0000,-0.2760,0.0000e+00,-1.8369e-08,1.4179e-08,2.4842
-0.0585,0.0154,-0.2756,0.0000e+00,-1.1859e-08,1.9945e-08,2.1072
-0.0585,0.0308,-0.2743,0.0000e+00,-8.1981e-09,2.1708e-08,1.9319
-0.0585,0.0461,-0.2721,0.0000e+00,-9.5253e-09,2.1160e-08,1.9938
-0.0585,0.0961,-0.2587,0.0000e+00,-1.9030e-08,1.3278e-08,2.5324
-0.0585,0.1104,-0.2529,0.0000e+00,-1.9211e-08,1.3015e-08,2.5462
-0.0585,0.1244,-0.2464,0.0000e+00,-1.8656e-08,1.3799e-08,2.5047
-0.0585,0.1380,-0.2390,0.0000e+00,-1.4127e-08,1.8409e-08,2.2253
-0.0585,0.1512,-0.2309,0.0000e+00,-5.9723e-09,2.2423e-08,1.8311
-0.0585,0.1638,-0.2221,0.0000e+00,1.6245e-10,2.3204e-08,1.5638
-0.0585,0.1760,-0.2126,0.0000e+00,4.5548e-09,2.2753e-08,1.3732
-0.0585,0.2126,-0.1760,0.0000e+00,1.3650e-08,1.8765e-08,0.9419
-0.0585,0.2221,-0.1638,0.0000e+00,1.1176e-08,2.0336e-08,1.0683
-0.0585,0.2309,-0.1512,0.0000e+00,7.9231e-09,2.1810e-08,1.2223
-0.0585,0.2390,-0.1380,0.0000e+00,-1.7588e-09,2.3138e-08,1.6467
-0.0585,0.2464,-0.1244,0.0000e+00,-8.2490e-09,2.1689e-08,1.9342
-0.0585,0.2529,-0.1104,0.0000e+00,-6.5258e-09,2.2268e-08,1.8559
-0.0585,0.2587,-0.0961,0.0000e+00,3.3120e-09,2.2967e-08,1.4276
0.0585,0.2721,-0.0461,0.0000e+00,1.6923e-08,1.5877e-08,0.7535
0.0585,0.2743,-0.0308,0.0000e+00,1.4677e-08,1.7973e-08,0.8860
0.0585,0.2756,-0.0154,0.0000e+00,9.5922e-09,2.1129e-08,1.1446
0.0585,0.2760,0.0000,0.0000e+00,1.4338e-09,2.3160e-08,1.5090
0.0585,0.2756,0.0154,0.0000e+00,-1.4749e-08,1.7914e-08,2.2596
0.0585,0.2743,0.0308,0.0000e+00,-1.7101e-08,1.5685e-08,2.3993
0.0585,0.2721,0.0461,0.0000e+00,-1.9605e-08,1.2414e-08,2.5771
0.0585,0.2587,0.0961,0.0000e+00,-3.8994e-09,2.2875e-08,1.7396
0.0585,0.2529,0.1104,0.0000e+00,-3.7419e-09,2.2901e-08,1.7328
0.0585,0.2464,0.1244,0.0000e+00,8.2948e-11,2.3205e-08,1.5672
0.0585,0.2390,0.1380,0.0000e+00,-1.7809e-09,2.3136e-08,1.6476
0.0585,0.2309,0.1512,0.0000e+00,-6.0299e-09,2.2408e-08,1.8337
0.0585,0.2221,0.1638,0.0000e+00,-1.3778e-08,1.8671e-08,2.2065
0.0585,0.2126,0.1760,0.0000e+00,-2.0568e-08,1.0744e-08,2.6602
0.0585,0.1760,0.2126,0.0000e+00,-2.2969e-08,-3.3014e-09,3.2843
0.0585,0.1638,0.2221,0.0000e+00,-2.2632e-08,5.1237e-09,2.9190
0.0585,0.1512,0.2309,0.0000e+00,-1.7428e-08,1.5320e-08,2.4205
0.0585,0.1380,0.2390,0.0000e+00,-1.1336e-08,2.0247e-08,2.0812
0.0585,0.1244,0.2464,0.0000e+00,-1.9044e-09,2.3127e-08,1.6530
0.0585,0.1104,0.2529,0.0000e+00,8.4106e-11,2.3205e-08,1.5672
0.0585,0.0961,0.2587,0.0000e+00,-5.6731e-09,2.2501e-08,1.8178
0.0585,0.0461,0.2721,0.0000e+00,-2.2898e-08,-3.7584e-09,3.3043
0.0585,0.0308,0.2743,0.0000e+00,-2.1659e-08,-8.3274e-09,3.5086
0.0585,0.0154,0.2756,0.0000e+00,-2.3173e-08,-1.2191e-09,3.1942
0.0585,0.0000,0.2760,0.0000e+00,-1.7770e-08,1.4923e-08,2.4431
0.0585,-0.0154,0.2756,0.0000e+00,-1.1766e-08,2.0001e-08,2.1026
0.0585,-0.0308,0.2743,0.0000e+00,-7.6457e-09,2.1909e-08,1.9066
0.0585,-0.0461,0.2721,0.0000e+00,-8.2229e-09,2.1699e-08,1.9330
0.0585,-0.0961,0.2587,0.0000e+00,-1.7914e-08,1.4749e-08,2.4528
0.0585,-0.1104,0.2529,0.0000e+00,-1.9792e-08,1.2114e-08,2.5923
0.0585,-0.1244,0.2464,0.0000e+00,-1.9100e-08,1.3178e-08,2.5376
0.0585,-0.1380,0.2390,0.0000e+00,-1.3458e-08,1.8904e-08,2.1895
0.0585,-0.1512,0.2309,0.0000e+00,-2.8186e-09,2.3033e-08,1.6926
0.0585,-0.1638,0.2221,0.0000e+00,3.8002e-09,2.2892e-08,1.4063
0.0585,-0.1760,0.2126,0.0000e+00,5.2974e-09,2.2592e-08,1.3405
0.0585,-0.2126,0.1760,0.0000e+00,2.1985e-08,7.4247e-09,0.3257
0.0585,-0.2221,0.1638,0.0000e+00,1.6568e-08,1.6247e-08,0.7756
0.0585,-0.2309,0.1512,0.0000e+00,5.7157e-09,2.2490e-08,1.3219
0.0585,-0.2390,0.1380,0.0000e+00,-7.8204e-09,2.1847e-08,1.9145
0.0585,-0.2464,0.1244,0.0000e+00,-1.4610e-08,1.8028e-08,2.2518
0.0585,-0.2529,0.1104,0.0000e+00,-1.2021e-08,1.9849e-08,2.1153
0.0585,-0.2587,0.0961,0.0000e+00,9.3003e-09,2.1260e-08,1.1584
0.0585,-0.2721,0.0461,0.0000e+00,1.7002e-08,1.5792e-08,0.7485
0.0585,-0.2743,0.0308,0.0000e+00,1.3696e-08,1.8732e-08,0.9395
0.0585,-0.2756,0.0154,0.0000e+00,8.8394e-09,2.1455e-08,1.1800
0.0585,-0.2760,0.0000,0.0000e+00,1.5224e-09,2.3155e-08,1.5051
0.0585,-0.2756,-0.0154,0.0000e+00,-9.0935e-09,2.1349e-08,1.9735
0.0585,-0.2743,-0.0308,0.0000e+00,-1.7554e-08,1.5176e-08,2.4287
0.0585,-0.2721,-0.0461,0.0000e+00,-2.0821e-08,1.0245e-08,2.6843
0.0585,-0.2587,-0.0961,0.0000e+00,-4.5190e-09,2.2761e-08,1.7668
0.0585,-0.2529,-0.1104,0.0000e+00,-2.7763e-09,2.3038e-08,1.6907
0.0585,-0.2464,-0.1244,0.0000e+00,-1.7815e-09,2.3136e-08,1.6476
0.0585,-0.2390,-0.1380,0.0000e+00,-3.0559e-09,2.3003e-08,1.7029
0.0585,-0.2309,-0.1512,0.0000e+00,-4.1778e-09,2.2826e-08,1.7518
0.0585,-0.2221,-0.1638,0.0000e+00,-1.0428e-08,2.0730e-08,2.0369
0.0585,-0.2126,-0.1760,0.0000e+00,-1.7066e-08,1.5723e-08,2.3972
0.0585,-0.1760,-0.2126,0.0000e+00,-2.2201e-08,-6.7519e-09,3.4368
0.0585,-0.1638,-0.2221,0.0000e+00,-2.3036e-08,2.7949e-09,3.0209
0.0585,-0.1512,-0.2309,0.0000e+00,-1.8104e-08,1.4516e-08,2.4658
0.0585,-0.1380,-0.2390,0.0000e+00,-3.7968e-09,2.2892e-08,1.7352
0.0585,-0.1244,-0.2464,0.0000e+00,-3.7821e-10,2.3202e-08,1.5871
0.0585,-0.1104,-0.2529,0.0000e+00,9.1947e-11,2.3205e-08,1.5668
0.0585,-0.0961,-0.2587,0.0000e+00,-6.2179e-09,2.2356e-08,1.8421
0.0585,-0.0461,-0.2721,0.0000e+00,-2.2225e-08,-6.6712e-09,3.4332
0.0585,-0.0308,-0.2743,0.0000e+00,-2.2287e-08,-6.4620e-09,3.4238
0.0585,-0.0154,-0.2756,0.0000e+00,-2.3175e-08,1.1801e-09,3.0907
0.0585,-0.0000,-0.2760,0.0000e+00,-1.8541e-08,1.3953e-08,2.4965
0.0585,0.0154,-0.2756,0.0000e+00,-1.2380e-08,1.9626e-08,2.1335
0.0585,0.0308,-0.2743,0.0000e+00,-8.9803e-09,2.1397e-08,1.9682
0.0585,0.0461,-0.2721,0.0000e+00,-9.9176e-09,2.0979e-08,2.0124
0.0585,0.0961,-0.2587,0.0000e+00,-1.9134e-08,1.3128e-08,2.5403
0.0585,0.1104,-0.2529,0.0000e+00,-1.9589e-08,1.2440e-08,2.5758
0.0585,0.1244,-0.2464,0.0000e+00,-1.9030e-08,1.3278e-08,2.5324
0.0585,0.1380,-0.2390,0.0000e+00,-1.4326e-08,1.8255e-08,2.2362
0.0585,0.1512,-0.2309,0.0000e+00,-5.3531e-09,2.2579e-08,1.8036
0.0585,0.1638,-0.2221,0.0000e+00,7.1251e-10,2.3194e-08,1.5401
0.0585,0.1760,-0.2126,0.0000e+00,5.7321e-09,2.2486e-08,1.3212
0.0585,0.2126,-0.1760,0.0000e+00,1.4723e-08,1.7936e-08,0.8834
0.0585,0.2221,-0.1638,0.0000e+00,1.2029e-08,1.9844e-08,1.0259
0.0585,0.2309,-0.1512,0.0000e+00,8.7744e-09,2.1482e-08,1.1830
0.0585,0.2390,-0.1380,0.0000e+00,-3.3299e-09,2.2965e-08,1.7148
0.0585,0.2464,-0.1244,0.0000e+00,-8.4249e-09,2.1621e-08,1.9424
0.0585,0.2529,-0.1104,0.0000e+00,-6.6234e-09,2.2239e-08,1.8603
0.0585,0.2587,-0.0961,0.0000e+00,3.6404e-09,2.2917e-08,1.4133
0.1755,0.2721,-0.0461,0.0000e+00,1.5146e-08,1.7580e-08,0.8596
0.1755,0.2743,-0.0308,0.0000e+00,5.7946e-09,2.2470e-08,1.3184
0.1755,0.2756,-0.0154,0.0000e+00,-1.9544e-09,2.3122e-08,1.6551
0.1755,0.2760,0.0000,0.0000e+00,-8.3927e-09,2.1634e-08,1.9409
0.1755,0.2756,0.0154,0.0000e+00,-1.1406e-08,2.0208e-08,2.0846
0.1755,0.2743,0.0308,0.0000e+00,-1.3120e-08,1.9140e-08,2.1717
0.1755,0.2721,0.0461,0.0000e+00,-1.3567e-08,1.8825e-08,2.1953
0.1755,0.2587,0.0961,0.0000e+00,-1.2112e-08,1.9793e-08,2.1199
0.1755,0.2529,0.1104,0.0000e+00,-1.0452e-08,2.0718e-08,2.0380
0.1755,0.2464,0.1244,0.0000e+00,-9.9323e-09,2.0972e-08,2.0131
0.1755,0.2390,0.1380,0.0000e+00,-1.0147e-08,2.0869e-08,2.0234
0.1755,0.2309,0.1512,0.0000e+00,-1.0339e-08,2.0774e-08,2.0326
0.1755,0.2221,0.1638,0.0000e+00,-1.1408e-08,2.0207e-08,2.0847
0.1755,0.2126,0.1760,0.0000e+00,-1.3098e-08,1.9155e-08,2.1705
0.1755,0.1760,0.2126,0.0000e+00,-1.9326e-08,1.2844e-08,2.5550
0.1755,0.1638,0.2221,0.0000e+00,-2.0723e-08,1.0442e-08,2.6748
0.1755,0.1512,0.2309,0.0000e+00,-2.1759e-08,8.0634e-09,2.7867
0.1755,0.1380,0.2390,0.0000e+00,-2.2450e-08,5.8705e-09,2.8858
0.1755,0.1244,0.2464,0.0000e+00,-2.2875e-08,3.8954e-09,2.9729
0.1755,0.1104,0.2529,0.0000e+00,-2.3049e-08,2.6802e-09,3.0258
0.1755,0.0961,0.2587,0.0000e+00,-2.3129e-08,1.8738e-09,3.0608
0.1755,0.0461,0.2721,0.0000e+00,-2.3173e-08,1.2154e-09,3.0892
0.1755,0.0308,0.2743,0.0000e+00,-2.3187e-08,9.1156e-10,3.1023
0.1755,0.0154,0.2756,0.0000e+00,-2.3195e-08,6.8595e-10,3.1120
0.1755,0.0000,0.2760,0.0000e+00,-2.3200e-08,4.4974e-10,3.1222
0.1755,-0.0154,0.2756,0.0000e+00,-2.3205e-08,-3.8320e-11,3.1432
0.1755,-0.0308,0.2743,0.0000e+00,-1.9341e-08,1.2822e-08,2.5562
0.1755,-0.0461,0.2721,0.0000e+00,-8.5690e-09,2.1565e-08,1.9490
0.1755,-0.0961,0.2587,0.0000e+00,-1.0229e-08,2.0829e-08,2.0273
0.1755,-0.1104,0.2529,0.0000e+00,-8.9262e-09,2.1419e-08,1.9656
0.1755,-0.1244,0.2464,0.0000e+00,2.1884e-08,7.7177e-09,0.3391
0.1755,-0.1380,0.2390,0.0000e+00,2.3205e-08,5.9417e-15,0.0000
0.1755,-0.1512,0.2309,0.0000e+00,2.0107e-08,1.1584e-08,0.5227
0.1755,-0.1638,0.2221,0.0000e+00,1.1614e-08,2.0089e-08,1.0466
0.1755,-0.1760,0.2126,0.0000e+00,-5.0969e-09,2.2638e-08,1.7923
0.1755,-0.2126,0.1760,0.0000e+00,-3.1947e-09,2.2984e-08,1.7089
0.1755,-0.2221,0.1638,0.0000e+00,2.3554e-09,2.3085e-08,1.4691
0.1755,-0.2309,0.1512,0.0000e+00,6.8294e-09,2.2177e-08,1.2721
0.1755,-0.2390,0.1380,0.0000e+00,2.1007e-08,9.8576e-09,0.4387
0.1755,-0.2464,0.1244,0.0000e+00,2.1319e-08,9.1629e-09,0.4059
0.1755,-0.2529,0.1104,0.0000e+00,1.2315e-08,1.9667e-08,1.0113
0.1755,-0.2587,0.0961,0.0000e+00,2.0720e-08,1.0446e-08,0.4670
0.1755,-0.2721,0.0461,0.0000e+00,1.5233e-08,1.7505e-08,0.8547
0.1755,-0.2743,0.0308,0.0000e+00,2.0273e-09,2.3116e-08,1.4833
0.1755,-0.2756,0.0154,0.0000e+00,1.0036e-08,2.0922e-08,1.1235
0.1755,-0.2760,0.0000,0.0000e+00,-7.4791e-09,2.1966e-08,1.8990
0.1755,-0.2756,-0.0154,0.0000e+00,-1.2834e-08,1.9333e-08,2.1568
0.1755,-0.2743,-0.0308,0.0000e+00,-1.5015e-08,1.7692e-08,2.2745
0.1755,-0.2721,-0.0461,0.0000e+00,-1.6153e-08,1.6660e-08,2.3407
0.1755,-0.2587,-0.0961,0.0000e+00,-1.3877e-08,1.8598e-08,2.2118
0.1755,-0.2529,-0.1104,0.0000e+00,-1.3301e-08,1.9014e-08,2.1812
0.1755,-0.2464,-0.1244,0.0000e+00,-8.3856e-09,2.1637e-08,1.9405
0.1755,-0.2390,-0.1380,0.0000e+00,-1.2288e-08,1.9684e-08,2.1289
0.1755,-0.2309,-0.1512,0.0000e+00,-9.6884e-09,2.1085e-08,2.0015
0.1755,-0.2221,-0.1638,0.0000e+00,-1.0240e-08,2.0823e-08,2.0278
0.1755,-0.2126,-0.1760,0.0000e+00,-1.1766e-08,2.0001e-08,2.1025
0.1755,-0.1760,-0.2126,0.0000e+00,-1.8637e-08,1.3825e-08,2.5034
0.1755,-0.1638,-0.2221,0.0000e+00,-2.0261e-08,1.1312e-08,2.6324
0.1755,-0.1512,-0.2309,0.0000e+00,-2.1472e-08,8.7989e-09,2.7527
0.1755,-0.1380,-0.2390,0.0000e+00,-2.2297e-08,6.4262e-09,2.8610
0.1755,-0.1244,-0.2464,0.0000e+00,-2.2795e-08,4.3405e-09,2.9534
0.1755,-0.1104,-0.2529,0.0000e+00,-2.3054e-08,2.6452e-09,3.0274
0.1755,-0.0961,-0.2587,0.0000e+00,-2.3165e-08,1.3657e-09,3.0827
0.1755,-0.0461,-0.2721,0.0000e+00,-2.3178e-08,-1.1062e-09,3.1893
0.1755,-0.0308,-0.2743,0.0000e+00,-2.3139e-08,-1.7482e-09,3.2170
0.1755,-0.0154,-0.2756,0.0000e+00,-2.3084e-08,-2.3664e-09,3.2437
0.1755,-0.0000,-0.2760,0.0000e+00,-2.3048e-08,-2.6968e-09,3.2581
0.1755,0.0154,-0.2756,0.0000e+00,-2.3092e-08,-2.2833e-09,3.2401
0.1755,0.0308,-0.2743,0.0000e+00,-1.2157e-08,1.9765e-08,2.1222
0.1755,0.0461,-0.2721,0.0000e+00,2.4511e-09,2.3075e-08,1.4650
0.1755,0.0961,-0.2587,0.0000e+00,-2.0191e-08,1.1437e-08,2.6262
0.1755,0.1104,-0.2529,0.0000e+00,-8.0730e-09,2.1755e-08,1.9261
0.1755,0.1244,-0.2464,0.0000e+00,2.2376e-08,6.1475e-09,0.2681
0.1755,0.1380,-0.2390,0.0000e+00,2.3205e-08,5.4736e-13,0.0000
0.1755,0.1512,-0.2309,0.0000e+00,2.3205e-08,7.2999e-16,0.0000
0.1755,0.1638,-0.2221,0.0000e+00,2.1689e-08,8.2492e-09,0.3634
0.1755,0.1760,-0.2126,0.0000e+00,-2.2950e-08,3.4301e-09,2.9932
0.1755,0.2126,-0.1760,0.0000e+00,-1.8494e-08,1.4016e-08,2.4931
0.1755,0.2221,-0.1638,0.0000e+00,-1.6783e-08,1.6025e-08,2.3793
0.1755,0.2309,-0.1512,0.0000e+00,2.5020e-09,2.3070e-08,1.4628
0.1755,0.2390,-0.1380,0.0000e+00,1.9176e-08,1.3068e-08,0.5982
0.1755,0.2464,-0.1244,0.0000e+00,5.8199e-09,2.2463e-08,1.3173
0.1755,0.2529,-0.1104,0.0000e+00,1.2568e-08,1.9507e-08,0.9985
0.1755,0.2587,-0.0961,0.0000e+00,2.2098e-08,7.0815e-09,0.3101
