x[m],y[m],z[m],dirx[m^2A],diry[m^2A],dirz[m^2A],rotation_xy[rad]
0.0000,0.2721,-0.0461,0.0000e+00,2.3205e-08,3.1885e-14,0.0000
0.0000,0.2743,-0.0308,0.0000e+00,9.4204e-10,2.3186e-08,1.5302
0.0000,0.2756,-0.0154,0.0000e+00,-2.0355e-08,-1.1142e-08,3.6425
0.0000,0.2760,0.0000,0.0000e+00,-2.1962e-08,-7.4925e-09,3.4704
0.0000,0.2756,0.0154,0.0000e+00,2.2754e-08,4.5502e-09,0.1974
0.0000,0.2743,0.0308,0.0000e+00,1.9186e-08,1.3052e-08,0.5974
0.0000,0.2721,0.0461,0.0000e+00,-2.2901e-08,3.7405e-09,2.9797
0.0000,0.2587,0.0961,0.0000e+00,1.5165e-08,1.7564e-08,0.8585
0.0000,0.2529,0.1104,0.0000e+00,-1.7805e-08,-1.4881e-08,3.8378
0.0000,0.2464,0.1244,0.0000e+00,9.4966e-09,2.1173e-08,1.1492
0.0000,0.2390,0.1380,0.0000e+00,-7.7374e-09,-2.1877e-08,4.3724
0.0000,0.2309,0.1512,0.0000e+00,-2.2963e-08,-3.3385e-09,3.2860
0.0000,0.2221,0.1638,0.0000e+00,2.3205e-08,2.9316e-15,0.0000
0.0000,0.2126,0.1760,0.0000e+00,1.5661e-08,1.7123e-08,0.8299
0.0000,0.1760,0.2126,0.0000e+00,-2.1096e-08,-9.6645e-09,3.5712
0.0000,0.1638,0.2221,0.0000e+00,-1.9995e-08,1.1776e-08,2.6093
0.0000,0.1512,0.2309,0.0000e+00,2.1141e-08,9.5677e-09,0.4250
0.0000,0.1380,0.2390,0.0000e+00,-1.1376e-08,-2.0225e-08,4.2000
0.0000,0.1244,0.2464,0.0000e+00,1.8056e-08,1.4576e-08,0.6792
0.0000,0.1104,0.2529,0.0000e+00,-4.5574e-09,-2.2753e-08,4.5147
0.0000,0.0961,0.2587,0.0000e+00,2.0739e-08,1.0410e-08,0.4652
0.0000,0.0461,0.2721,0.0000e+00,-2.6954e-09,-2.3048e-08,4.5960
0.0000,0.0308,0.2743,0.0000e+00,-1.5099e-08,-1.7620e-08,4.0039
0.0000,0.0154,0.2756,0.0000e+00,-1.7972e-08,1.4679e-08,2.4567
0.0000,0.0000,0.2760,0.0000e+00,2.3205e-08,1.4423e-14,0.0000
0.0000,-0.0154,0.2756,0.0000e+00,-1.6958e-08,-1.5839e-08,3.8929
0.0000,-0.0308,0.2743,0.0000e+00,2.3140e-08,1.7358e-09,0.0749
0.0000,-0.0461,0.2721,0.0000e+00,-2.1598e-08,8.4851e-09,2.7672
0.0000,-0.0961,0.2587,0.0000e+00,-4.5497e-09,-2.2754e-08,4.5150
0.0000,-0.1104,0.2529,0.0000e+00,-6.8340e-09,-2.2176e-08,4.4134
0.0000,-0.1244,0.2464,0.0000e+00,1.9103e-08,1.3174e-08,0.6037
0.0000,-0.1380,0.2390,0.0000e+00,7.7906e-09,2.1858e-08,1.2284
0.0000,-0.1512,0.2309,0.0000e+00,-9.7791e-09,2.1044e-08,2.0058
0.0000,-0.1638,0.2221,0.0000e+00,-4.2720e-09,-2.2808e-08,4.5272
0.0000,-0.1760,0.2126,0.0000e+00,-1.0453e-08,-2.0717e-08,4.2451
0.0000,-0.2126,0.1760,0.0000e+00,-2.1465e-08,-8.8152e-09,3.5313
0.0000,-0.2221,0.1638,0.0000e+00,7.1402e-09,2.2079e-08,1.2580
0.0000,-0.2309,0.1512,0.0000e+00,2.2883e-08,3.8533e-09,0.1668
0.0000,-0.2390,0.1380,0.0000e+00,2.2894e-08,3.7822e-09,0.1637
0.0000,-0.2464,0.1244,0.0000e+00,-1.2009e-08,1.9856e-08,2.1147
0.0000,-0.2529,0.1104,0.0000e+00,-2.0931e-08,-1.0018e-08,3.5880
0.0000,-0.2587,0.0961,0.0000e+00,6.0448e-09,-2.2404e-08,4.9759
0.0000,-0.2721,0.0461,0.0000e+00,1.6754e-08,1.6055e-08,0.7641
0.0000,-0.2743,0.0308,0.0000e+00,-2.3182e-08,1.0310e-09,3.0971
0.0000,-0.2756,0.0154,0.0000e+00,-2.0619e-08,-1.0644e-08,3.6181
0.0000,-0.2760,0.0000,0.0000e+00,2.2842e-08,4.0878e-09,0.1771
0.0000,-0.2756,-0.0154,0.0000e+00,1.9943e-08,1.1863e-08,0.5366
0.0000,-0.2743,-0.0308,0.0000e+00,-5.4924e-09,2.2545e-08,1.8098
0.0000,-0.2721,-0.0461,0.0000e+00,-1.2950e-08,-1.9255e-08,4.1203
0.0000,-0.2587,-0.0961,0.0000e+00,-1.7507e-08,-1.5231e-08,3.8576
0.0000,-0.2529,-0.1104,0.0000e+00,1.0496e-08,2.0695e-08,1.1014
0.0000,-0.2464,-0.1244,0.0000e+00,-2.9654e-09,2.3015e-08,1.6989
0.0000,-0.2390,-0.1380,0.0000e+00,1.8480e-08,1.4034e-08,0.6495
0.0000,-0.2309,-0.1512,0.0000e+00,-1.2836e-08,-1.9331e-08,4.1262
0.0000,-0.2221,-0.1638,0.0000e+00,-9.6022e-09,-2.1125e-08,4.2858
0.0000,-0.2126,-0.1760,0.0000e+00,2.2147e-08,6.9250e-09,0.3030
0.0000,-0.1760,-0.2126,0.0000e+00,-2.1129e-08,9.5929e-09,2.7154
0.0000,-0.1638,-0.2221,0.0000e+00,-2.3137e-08,1.7770e-09,3.0649
0.0000,-0.1512,-0.2309,0.0000e+00,2.3133e-08,1.8193e-09,0.0785
0.0000,-0.1380,-0.2390,0.0000e+00,-2.0258e-08,1.1318e-08,2.6321
0.0000,-0.1244,-0.2464,0.0000e+00,7.6979e-09,-2.1891e-08,5.0505
0.0000,-0.1104,-0.2529,0.0000e+00,2.2841e-09,2.3092e-08,1.4722
0.0000,-0.0961,-0.2587,0.0000e+00,2.3205e-08,2.4182e-15,0.0000
0.0000,-0.0461,-0.2721,0.0000e+00,-6.7121e-09,-2.2213e-08,4.4189
0.0000,-0.0308,-0.2743,0.0000e+00,-7.5636e-10,-2.3192e-08,4.6798
0.0000,-0.0154,-0.2756,0.0000e+00,6.7587e-09,2.2199e-08,1.2752
0.0000,-0.0000,-0.2760,0.0000e+00,-2.3141e-08,-1.7205e-09,3.2158
0.0000,0.0154,-0.2756,0.0000e+00,-2.1105e-08,-9.6455e-09,3.5703
0.0000,0.0308,-0.2743,0.0000e+00,2.1603e-08,8.4728e-09,0.3738
0.0000,0.0461,-0.2721,0.0000e+00,-8.4474e-09,2.1613e-08,1.9434
0.0000,0.0961,-0.2587,0.0000e+00,1.5406e-08,-1.7353e-08,5.4384
0.0000,0.1104,-0.2529,0.0000e+00,7.9610e-09,-2.1796e-08,5.0626
0.0000,0.1244,-0.2464,0.0000e+00,-1.4922e-08,1.7771e-08,2.2693
0.0000,0.1380,-0.2390,0.0000e+00,8.8803e-09,2.1438e-08,1.1781
0.0000,0.1512,-0.2309,0.0000e+00,2.2995e-08,3.1146e-09,0.1346
0.0000,0.1638,-0.2221,0.0000e+00,-1.8416e-08,-1.4118e-08,3.7956
0.0000,0.1760,-0.2126,0.0000e+00,-2.3153e-08,-1.5505e-09,3.2085
0.0000,0.2126,-0.1760,0.0000e+00,9.2139e-09,-2.1297e-08,5.1207
0.0000,0.2221,-0.1638,0.0000e+00,6.7089e-09,2.2214e-08,1.2775
0.0000,0.2309,-0.1512,0.0000e+00,2.1278e-08,9.2575e-09,0.4104
0.0000,0.2390,-0.1380,0.0000e+00,-2.1170e-08,9.5014e-09,2.7197
0.0000,0.2464,-0.1244,0.0000e+00,2.3205e-08,6.8369e-14,0.0000
0.0000,0.2529,-0.1104,0.0000e+00,-1.9743e-08,1.2194e-08,2.5883
0.0000,0.2587,-0.0961,0.0000e+00,-5.7570e-09,-2.2479e-08,4.4617
