x[m],y[m],z[m],dirx[m^2A],diry[m^2A],dirz[m^2A],rotation_xy[rad]
-0.0585,0.2721,-0.0461,0.0000e+00,-6.7852e-09,5.1118e-08,1.7028
-0.0585,0.2743,-0.0308,0.0000e+00,-7.5156e-09,5.1016e-08,1.7171
-0.0585,0.2756,-0.0154,0.0000e+00,-6.8371e-09,5.1111e-08,1.7038
-0.0585,0.2760,0.0000,0.0000e+00,-4.9550e-09,5.1328e-08,1.6670
-0.0585,0.2756,0.0154,0.0000e+00,-2.3725e-09,5.1512e-08,1.6168
-0.0585,0.2743,0.0308,0.0000e+00,-3.2958e-10,5.1565e-08,1.5772
-0.0585,0.2721,0.0461,0.0000e+00,-7.5945e-11,5.1566e-08,1.5723
-0.0585,0.2587,0.0961,0.0000e+00,-1.8964e-08,4.7953e-08,1.9474
-0.0585,0.2529,0.1104,0.0000e+00,-3.3187e-08,3.9468e-08,2.2700
-0.0585,0.2464,0.1244,0.0000e+00,-5.0379e-08,1.1002e-08,2.9266
-0.0585,0.2390,0.1380,0.0000e+00,-3.5223e-08,-3.7662e-08,3.9604
-0.0585,0.2309,0.1512,0.0000e+00,-5.6370e-09,-5.1257e-08,4.6029
-0.0585,0.2221,0.1638,0.0000e+00,5.1566e-08,5.3339e-14,0.0000
-0.0585,0.2126,0.1760,0.0000e+00,5.1566e-08,4.1438e-17,0.0000
-0.0585,0.1760,0.2126,0.0000e+00,5.1566e-08,1.2359e-13,0.0000
-0.0585,0.1638,0.2221,0.0000e+00,4.9981e-08,-1.2686e-08,6.0346
-0.0585,0.1512,0.2309,0.0000e+00,5.1342e-08,-4.8069e-09,6.1898
-0.0585,0.1380,0.2390,0.0000e+00,5.1566e-08,-1.2306e-13,6.2832
-0.0585,0.1244,0.2464,0.0000e+00,5.0792e-08,8.9021e-09,0.1735
-0.0585,0.1104,0.2529,0.0000e+00,5.1566e-08,-2.2876e-11,6.2827
-0.0585,0.0961,0.2587,0.0000e+00,5.1566e-08,-3.7180e-12,6.2831
-0.0585,0.0461,0.2721,0.0000e+00,-4.5374e-08,2.4501e-08,2.6465
-0.0585,0.0308,0.2743,0.0000e+00,3.4560e-08,3.8271e-08,0.8363
-0.0585,0.0154,0.2756,0.0000e+00,-5.9055e-09,5.1227e-08,1.6856
-0.0585,0.0000,0.2760,0.0000e+00,-1.9977e-08,4.7539e-08,1.9686
-0.0585,-0.0154,0.2756,0.0000e+00,-2.5513e-08,4.4812e-08,2.0884
-0.0585,-0.0308,0.2743,0.0000e+00,-2.9818e-08,4.2071e-08,2.1874
-0.0585,-0.0461,0.2721,0.0000e+00,-3.3711e-08,3.9021e-08,2.2833
-0.0585,-0.0961,0.2587,0.0000e+00,-4.4896e-08,2.5366e-08,2.6273
-0.0585,-0.1104,0.2529,0.0000e+00,-4.7541e-08,1.9973e-08,2.7439
-0.0585,-0.1244,0.2464,0.0000e+00,-4.9686e-08,1.3796e-08,2.8708
-0.0585,-0.1380,0.2390,0.0000e+00,-5.1119e-08,6.7791e-09,3.0097
-0.0585,-0.1512,0.2309,0.0000e+00,-5.1554e-08,-1.1149e-09,3.1632
-0.0585,-0.1638,0.2221,0.0000e+00,-5.0614e-08,-9.8654e-09,3.3341
-0.0585,-0.1760,0.2126,0.0000e+00,-4.7794e-08,-1.9360e-08,3.5265
-0.0585,-0.2126,0.1760,0.0000e+00,-1.4634e-08,-4.9446e-08,4.4246
-0.0585,-0.2221,0.1638,0.0000e+00,5.1566e-08,4.5093e-16,0.0000
-0.0585,-0.2309,0.1512,0.0000e+00,2.7055e-08,-4.3899e-08,5.2647
-0.0585,-0.2390,0.1380,0.0000e+00,4.4282e-08,-2.6422e-08,5.7452
-0.0585,-0.2464,0.1244,0.0000e+00,5.1387e-08,-4.2990e-09,6.1997
-0.0585,-0.2529,0.1104,0.0000e+00,5.1566e-08,-1.1924e-12,6.2832
-0.0585,-0.2587,0.0961,0.0000e+00,5.1566e-08,-9.2499e-16,6.2832
-0.0585,-0.2721,0.0461,0.0000e+00,5.1566e-08,-5.1643e-22,6.2832
-0.0585,-0.2743,0.0308,0.0000e+00,5.1566e-08,-2.8743e-22,6.2832
-0.0585,-0.2756,0.0154,0.0000e+00,5.1566e-08,-5.1643e-22,6.2832
-0.0585,-0.2760,0.0000,0.0000e+00,-2.2902e-08,4.6201e-08,2.0310
-0.0585,-0.2756,-0.0154,0.0000e+00,-2.8830e-08,4.2754e-08,2.1641
-0.0585,-0.2743,-0.0308,0.0000e+00,-3.3246e-08,3.9418e-08,2.2715
-0.0585,-0.2721,-0.0461,0.0000e+00,-3.6154e-08,3.6769e-08,2.3477
-0.0585,-0.2587,-0.0961,0.0000e+00,-3.6763e-08,3.6161e-08,2.3645
-0.0585,-0.2529,-0.1104,0.0000e+00,-3.6840e-08,3.6081e-08,2.3666
-0.0585,-0.2464,-0.1244,0.0000e+00,-4.0529e-08,3.1883e-08,2.4750
-0.0585,-0.2390,-0.1380,0.0000e+00,-4.9445e-08,-1.4637e-08,3.4294
-0.0585,-0.2309,-0.1512,0.0000e+00,1.9793e-08,-4.7616e-08,5.1063
-0.0585,-0.2221,-0.1638,0.0000e+00,3.1797e-08,-4.0596e-08,5.3768
-0.0585,-0.2126,-0.1760,0.0000e+00,5.1566e-08,1.5032e-17,0.0000
-0.0585,-0.1760,-0.2126,0.0000e+00,5.1566e-08,6.4936e-17,0.0000
-0.0585,-0.1638,-0.2221,0.0000e+00,5.1566e-08,4.2262e-12,0.0001
-0.0585,-0.1512,-0.2309,0.0000e+00,5.1176e-08,6.3343e-09,0.1231
-0.0585,-0.1380,-0.2390,0.0000e+00,4.9609e-08,1.4073e-08,0.2764
-0.0585,-0.1244,-0.2464,0.0000e+00,4.6932e-08,2.1366e-08,0.4272
-0.0585,-0.1104,-0.2529,0.0000e+00,4.3254e-08,2.8075e-08,0.5757
-0.0585,-0.0961,-0.2587,0.0000e+00,3.8688e-08,3.4093e-08,0.7223
-0.0585,-0.0461,-0.2721,0.0000e+00,1.8328e-08,4.8199e-08,1.2074
-0.0585,-0.0308,-0.2743,0.0000e+00,1.1192e-08,5.0337e-08,1.3520
-0.0585,-0.0154,-0.2756,0.0000e+00,5.1566e-08,-5.8430e-23,6.2832
-0.0585,-0.0000,-0.2760,0.0000e+00,5.1566e-08,-5.8430e-23,6.2832
-0.0585,0.0154,-0.2756,0.0000e+00,-1.1208e-08,5.0333e-08,1.7899
-0.0585,0.0308,-0.2743,0.0000e+00,-1.8504e-08,4.8132e-08,1.9378
-0.0585,0.0461,-0.2721,0.0000e+00,-2.5452e-08,4.4847e-08,2.0870
-0.0585,0.0961,-0.2587,0.0000e+00,-4.4154e-08,2.6637e-08,2.5988
-0.0585,0.1104,-0.2529,0.0000e+00,-4.7776e-08,1.9403e-08,2.7558
-0.0585,0.1244,-0.2464,0.0000e+00,-5.0247e-08,1.1587e-08,2.9149
-0.0585,0.1380,-0.2390,0.0000e+00,-5.1454e-08,3.3994e-09,3.0756
-0.0585,0.1512,-0.2309,0.0000e+00,-5.1332e-08,-4.9086e-09,3.2369
-0.0585,0.1638,-0.2221,0.0000e+00,-4.9895e-08,-1.3021e-08,3.3969
-0.0585,0.1760,-0.2126,0.0000e+00,-4.7280e-08,-2.0582e-08,3.5522
-0.0585,0.2126,-0.1760,0.0000e+00,-3.5712e-08,-3.7199e-08,3.9474
-0.0585,0.2221,-0.1638,0.0000e+00,-3.9256e-08,-3.3437e-08,3.8471
-0.0585,0.2309,-0.1512,0.0000e+00,-3.2031e-09,5.1467e-08,1.6330
-0.0585,0.2390,-0.1380,0.0000e+00,8.4330e-09,5.0872e-08,1.4065
-0.0585,0.2464,-0.1244,0.0000e+00,7.2635e-09,5.1052e-08,1.4295
-0.0585,0.2529,-0.1104,0.0000e+00,4.5935e-09,5.1361e-08,1.4816
-0.0585,0.2587,-0.0961,0.0000e+00,1.5505e-09,5.1543e-08,1.5407
-0.0405,0.2721,-0.0461,0.0000e+00,-3.9996e-08,3.2548e-08,2.4585
-0.0405,0.2743,-0.0308,0.0000e+00,-2.5561e-08,4.4785e-08,2.0894
-0.0405,0.2756,-0.0154,0.0000e+00,5.1566e-08,-1.3080e-13,6.2832
-0.0405,0.2760,0.0000,0.0000e+00,3.6708e-08,3.6216e-08,0.7786
-0.0405,0.2756,0.0154,0.0000e+00,4.2030e-08,2.9876e-08,0.6180
-0.0405,0.2743,0.0308,0.0000e+00,4.2452e-08,2.9274e-08,0.6037
-0.0405,0.2721,0.0461,0.0000e+00,5.1566e-08,-9.9673e-16,6.2832
-0.0405,0.2587,0.0961,0.0000e+00,3.1407e-08,4.0899e-08,0.9159
-0.0405,0.2529,0.1104,0.0000e+00,2.9919e-08,4.1999e-08,0.9518
-0.0405,0.2464,0.1244,0.0000e+00,3.5446e-08,3.7452e-08,0.8129
-0.0405,0.2390,0.1380,0.0000e+00,5.0918e-08,8.1509e-09,0.1587
-0.0405,0.2309,0.1512,0.0000e+00,3.1890e-08,-4.0523e-08,5.3791
-0.0405,0.2221,0.1638,0.0000e+00,5.1566e-08,4.9977e-13,0.0000
-0.0405,0.2126,0.1760,0.0000e+00,5.1566e-08,7.0480e-15,0.0000
-0.0405,0.1760,0.2126,0.0000e+00,4.4846e-08,-2.5453e-08,5.7670
-0.0405,0.1638,0.2221,0.0000e+00,4.7378e-08,-2.0356e-08,5.8774
-0.0405,0.1512,0.2309,0.0000e+00,5.1566e-08,6.2880e-13,0.0000
-0.0405,0.1380,0.2390,0.0000e+00,4.9787e-08,-1.3430e-08,6.0197
-0.0405,0.1244,0.2464,0.0000e+00,5.1566e-08,2.4896e-11,0.0005
-0.0405,0.1104,0.2529,0.0000e+00,4.6454e-08,-2.2384e-08,5.8342
-0.0405,0.0961,0.2587,0.0000e+00,3.4255e-08,-3.8544e-08,5.4389
-0.0405,0.0461,0.2721,0.0000e+00,-6.3406e-09,-5.1175e-08,4.5891
-0.0405,0.0308,0.2743,0.0000e+00,-9.0341e-09,-5.0769e-08,4.5363
-0.0405,0.0154,0.2756,0.0000e+00,-1.2343e-08,-5.0067e-08,4.4707
-0.0405,0.0000,0.2760,0.0000e+00,-1.7963e-08,-4.8336e-08,4.3566
-0.0405,-0.0154,0.2756,0.0000e+00,-2.6978e-08,-4.3946e-08,4.1618
-0.0405,-0.0308,0.2743,0.0000e+00,-3.8229e-08,-3.4607e-08,3.8773
-0.0405,-0.0461,0.2721,0.0000e+00,-4.7202e-08,-2.0761e-08,3.5560
-0.0405,-0.0961,0.2587,0.0000e+00,-5.0580e-08,1.0037e-08,2.9457
-0.0405,-0.1104,0.2529,0.0000e+00,-5.0067e-08,1.2342e-08,2.8999
-0.0405,-0.1244,0.2464,0.0000e+00,-4.9972e-08,1.2723e-08,2.8923
-0.0405,-0.1380,0.2390,0.0000e+00,-5.0239e-08,1.1624e-08,2.9142
-0.0405,-0.1512,0.2309,0.0000e+00,-5.0705e-08,9.3836e-09,2.9586
-0.0405,-0.1638,0.2221,0.0000e+00,-5.1183e-08,6.2753e-09,3.0196
-0.0405,-0.1760,0.2126,0.0000e+00,-5.1505e-08,2.5103e-09,3.0929
-0.0405,-0.2126,0.1760,0.0000e+00,-5.0198e-08,-1.1799e-08,3.3724
-0.0405,-0.2221,0.1638,0.0000e+00,-4.9313e-08,-1.5076e-08,3.4383
-0.0405,-0.2309,0.1512,0.0000e+00,-4.9010e-08,-1.6034e-08,3.4578
-0.0405,-0.2390,0.1380,0.0000e+00,-5.0619e-08,-9.8374e-09,3.3335
-0.0405,-0.2464,0.1244,0.0000e+00,-4.7348e-08,2.0426e-08,2.7343
-0.0405,-0.2529,0.1104,0.0000e+00,-1.9535e-08,4.7723e-08,1.9593
-0.0405,-0.2587,0.0961,0.0000e+00,-9.3626e-09,5.0709e-08,1.7534
-0.0405,-0.2721,0.0461,0.0000e+00,-2.0392e-08,4.7363e-08,1.9774
-0.0405,-0.2743,0.0308,0.0000e+00,5.1566e-08,-1.3340e-18,6.2832
-0.0405,-0.2756,0.0154,0.0000e+00,-3.0199e-08,4.1798e-08,2.1965
-0.0405,-0.2760,0.0000,0.0000e+00,-3.3934e-08,3.8827e-08,2.2890
-0.0405,-0.2756,-0.0154,0.0000e+00,-3.6081e-08,3.6840e-08,2.3458
-0.0405,-0.2743,-0.0308,0.0000e+00,5.1566e-08,-9.1754e-13,6.2832
-0.0405,-0.2721,-0.0461,0.0000e+00,5.1566e-08,-2.8394e-11,6.2826
-0.0405,-0.2587,-0.0961,0.0000e+00,4.7109e-08,2.0972e-08,0.4188
-0.0405,-0.2529,-0.1104,0.0000e+00,5.1566e-08,-1.5168e-14,6.2832
-0.0405,-0.2464,-0.1244,0.0000e+00,4.6400e-08,2.2496e-08,0.4514
-0.0405,-0.2390,-0.1380,0.0000e+00,4.6720e-08,2.1824e-08,0.4370
-0.0405,-0.2309,-0.1512,0.0000e+00,4.8054e-08,1.8706e-08,0.3712
-0.0405,-0.2221,-0.1638,0.0000e+00,4.9973e-08,1.2719e-08,0.2492
-0.0405,-0.2126,-0.1760,0.0000e+00,5.1297e-08,5.2665e-09,0.1023
-0.0405,-0.1760,-0.2126,0.0000e+00,5.1566e-08,1.1625e-11,0.0002
-0.0405,-0.1638,-0.2221,0.0000e+00,5.1516e-08,2.2838e-09,0.0443
-0.0405,-0.1512,-0.2309,0.0000e+00,5.1016e-08,7.5121e-09,0.1462
-0.0405,-0.1380,-0.2390,0.0000e+00,4.9753e-08,1.3553e-08,0.2660
-0.0405,-0.1244,-0.2464,0.0000e+00,4.7559e-08,1.9931e-08,0.3968
-0.0405,-0.1104,-0.2529,0.0000e+00,4.4351e-08,2.6307e-08,0.5354
-0.0405,-0.0961,-0.2587,0.0000e+00,4.0147e-08,3.2362e-08,0.6784
-0.0405,-0.0461,-0.2721,0.0000e+00,1.9794e-08,4.7616e-08,1.1768
-0.0405,-0.0308,-0.2743,0.0000e+00,1.2345e-08,5.0067e-08,1.3290
-0.0405,-0.0154,-0.2756,0.0000e+00,4.5417e-09,5.1366e-08,1.4826
-0.0405,-0.0000,-0.2760,0.0000e+00,5.1566e-08,-5.8430e-23,6.2832
-0.0405,0.0154,-0.2756,0.0000e+00,-1.1364e-08,5.0299e-08,1.7930
-0.0405,0.0308,-0.2743,0.0000e+00,-1.9068e-08,4.7911e-08,1.9496
-0.0405,0.0461,-0.2721,0.0000e+00,-2.6329e-08,4.4338e-08,2.1067
-0.0405,0.0961,-0.2587,0.0000e+00,-4.4832e-08,2.5478e-08,2.6248
-0.0405,0.1104,-0.2529,0.0000e+00,-4.8024e-08,1.8782e-08,2.7688
-0.0405,0.1244,-0.2464,0.0000e+00,-5.0075e-08,1.2310e-08,2.9005
-0.0405,0.1380,-0.2390,0.0000e+00,-5.1138e-08,6.6283e-09,3.0127
-0.0405,0.1512,-0.2309,0.0000e+00,-5.1513e-08,2.3491e-09,3.0960
-0.0405,0.1638,-0.2221,0.0000e+00,-5.1566e-08,4.6503e-11,3.1407
-0.0405,0.1760,-0.2126,0.0000e+00,-5.1566e-08,4.2811e-11,3.1408
-0.0405,0.2126,-0.1760,0.0000e+00,-5.0771e-08,9.0218e-09,2.9657
-0.0405,0.2221,-0.1638,0.0000e+00,-5.0384e-08,1.0976e-08,2.9271
-0.0405,0.2309,-0.1512,0.0000e+00,-5.0070e-08,1.2333e-08,2.9001
-0.0405,0.2390,-0.1380,0.0000e+00,-4.9765e-08,1.3512e-08,2.8765
-0.0405,0.2464,-0.1244,0.0000e+00,-4.9373e-08,1.4878e-08,2.8489
-0.0405,0.2529,-0.1104,0.0000e+00,-4.8803e-08,1.6654e-08,2.8127
-0.0405,0.2587,-0.0961,0.0000e+00,-4.8001e-08,1.8840e-08,2.7676
0.0045,0.2721,-0.0461,0.0000e+00,2.1342e-09,-5.1522e-08,4.7538
0.0045,0.2743,-0.0308,0.0000e+00,2.4106e-08,-4.5585e-08,5.1988
0.0045,0.2756,-0.0154,0.0000e+00,4.0035e-08,-3.2500e-08,5.6013
0.0045,0.2760,0.0000,0.0000e+00,5.1566e-08,3.8125e-11,0.0007
0.0045,0.2756,0.0154,0.0000e+00,5.1566e-08,9.7324e-11,0.0019
0.0045,0.2743,0.0308,0.0000e+00,5.1457e-08,3.3592e-09,0.0652
0.0045,0.2721,0.0461,0.0000e+00,5.1566e-08,-1.2681e-11,6.2829
0.0045,0.2587,0.0961,0.0000e+00,3.9976e-08,3.2573e-08,0.6837
0.0045,0.2529,0.1104,0.0000e+00,4.3910e-08,2.7037e-08,0.5519
0.0045,0.2464,0.1244,0.0000e+00,5.1566e-08,4.0402e-13,0.0000
0.0045,0.2390,0.1380,0.0000e+00,5.1566e-08,2.9583e-15,0.0000
0.0045,0.2309,0.1512,0.0000e+00,5.1566e-08,3.4292e-19,0.0000
0.0045,0.2221,0.1638,0.0000e+00,5.1566e-08,3.7151e-20,0.0000
0.0045,0.2126,0.1760,0.0000e+00,5.1566e-08,1.8872e-22,0.0000
0.0045,0.1760,0.2126,0.0000e+00,3.9369e-08,-3.3304e-08,5.5810
0.0045,0.1638,0.2221,0.0000e+00,5.1566e-08,2.4699e-19,0.0000
0.0045,0.1512,0.2309,0.0000e+00,4.8238e-08,-1.8224e-08,5.9220
0.0045,0.1380,0.2390,0.0000e+00,5.1566e-08,1.2861e-14,0.0000
0.0045,0.1244,0.2464,0.0000e+00,5.1555e-08,-1.0651e-09,6.2625
0.0045,0.1104,0.2529,0.0000e+00,5.0926e-08,8.1032e-09,0.1578
0.0045,0.0961,0.2587,0.0000e+00,4.8423e-08,1.7727e-08,0.3509
0.0045,0.0461,0.2721,0.0000e+00,8.8203e-09,5.0806e-08,1.3989
0.0045,0.0308,0.2743,0.0000e+00,-1.6956e-08,4.8699e-08,1.9058
0.0045,0.0154,0.2756,0.0000e+00,-3.7498e-08,3.5398e-08,2.3850
0.0045,0.0000,0.2760,0.0000e+00,-4.7852e-08,1.9216e-08,2.7597
0.0045,-0.0154,0.2756,0.0000e+00,-5.1304e-08,5.1896e-09,3.0408
0.0045,-0.0308,0.2743,0.0000e+00,-5.1220e-08,-5.9648e-09,3.2575
0.0045,-0.0461,0.2721,0.0000e+00,-4.9464e-08,-1.4574e-08,3.4281
0.0045,-0.0961,0.2587,0.0000e+00,-4.4169e-08,-2.6611e-08,3.6838
0.0045,-0.1104,0.2529,0.0000e+00,-4.5546e-08,-2.4179e-08,3.6296
0.0045,-0.1244,0.2464,0.0000e+00,-4.8255e-08,-1.8180e-08,3.5019
0.0045,-0.1380,0.2390,0.0000e+00,-5.0625e-08,-9.8089e-09,3.3330
0.0045,-0.1512,0.2309,0.0000e+00,-5.1522e-08,-2.1466e-09,3.1832
0.0045,-0.1638,0.2221,0.0000e+00,-5.1498e-08,2.6421e-09,3.0903
0.0045,-0.1760,0.2126,0.0000e+00,-5.1368e-08,4.5145e-09,3.0539
0.0045,-0.2126,0.1760,0.0000e+00,-5.1562e-08,-6.5594e-10,3.1543
0.0045,-0.2221,0.1638,0.0000e+00,-5.1451e-08,-3.4405e-09,3.2084
0.0045,-0.2309,0.1512,0.0000e+00,-5.1210e-08,-6.0516e-09,3.2592
0.0045,-0.2390,0.1380,0.0000e+00,-5.0933e-08,-8.0581e-09,3.2985
0.0045,-0.2464,0.1244,0.0000e+00,-5.0781e-08,-8.9632e-09,3.3163
0.0045,-0.2529,0.1104,0.0000e+00,-5.0914e-08,-8.1741e-09,3.3008
0.0045,-0.2587,0.0961,0.0000e+00,-5.1314e-08,-5.0902e-09,3.2405
0.0045,-0.2721,0.0461,0.0000e+00,5.1566e-08,-5.5347e-14,6.2832
0.0045,-0.2743,0.0308,0.0000e+00,-5.0234e-08,1.1645e-08,2.9138
0.0045,-0.2756,0.0154,0.0000e+00,-5.1239e-08,5.8035e-09,3.0288
0.0045,-0.2760,0.0000,0.0000e+00,-4.7492e-08,-2.0088e-08,3.5418
0.0045,-0.2756,-0.0154,0.0000e+00,3.0818e-08,-4.1344e-08,5.3530
0.0045,-0.2743,-0.0308,0.0000e+00,4.5880e-08,-2.3540e-08,5.8091
0.0045,-0.2721,-0.0461,0.0000e+00,4.9557e-08,-1.4254e-08,6.0031
0.0045,-0.2587,-0.0961,0.0000e+00,5.0987e-08,7.7058e-09,0.1500
0.0045,-0.2529,-0.1104,0.0000e+00,4.9832e-08,1.3260e-08,0.2601
0.0045,-0.2464,-0.1244,0.0000e+00,4.8191e-08,1.8349e-08,0.3638
0.0045,-0.2390,-0.1380,0.0000e+00,4.6152e-08,2.3001e-08,0.4623
0.0045,-0.2309,-0.1512,0.0000e+00,5.1566e-08,-3.9126e-20,6.2832
0.0045,-0.2221,-0.1638,0.0000e+00,5.1566e-08,-5.4842e-19,6.2832
0.0045,-0.2126,-0.1760,0.0000e+00,3.9480e-08,3.3172e-08,0.6988
0.0045,-0.1760,-0.2126,0.0000e+00,5.0498e-08,1.0441e-08,0.2039
0.0045,-0.1638,-0.2221,0.0000e+00,3.5318e-08,-3.7573e-08,5.4669
0.0045,-0.1512,-0.2309,0.0000e+00,2.0224e-08,-4.7435e-08,5.1154
0.0045,-0.1380,-0.2390,0.0000e+00,1.8422e-08,-4.8163e-08,5.0777
0.0045,-0.1244,-0.2464,0.0000e+00,2.1119e-08,-4.7043e-08,5.1344
0.0045,-0.1104,-0.2529,0.0000e+00,5.1566e-08,5.0105e-26,0.0000
0.0045,-0.0961,-0.2587,0.0000e+00,3.0994e-08,-4.1212e-08,5.3572
0.0045,-0.0461,-0.2721,0.0000e+00,4.7719e-08,-1.9544e-08,5.8945
0.0045,-0.0308,-0.2743,0.0000e+00,5.0602e-08,-9.9265e-09,6.0895
0.0045,-0.0154,-0.2756,0.0000e+00,5.1527e-08,2.0098e-09,0.0390
0.0045,-0.0000,-0.2760,0.0000e+00,4.7699e-08,1.9593e-08,0.3898
0.0045,0.0154,-0.2756,0.0000e+00,-4.4160e-08,2.6627e-08,2.5990
0.0045,0.0308,-0.2743,0.0000e+00,-5.0077e-08,-1.2302e-08,3.3825
0.0045,0.0461,-0.2721,0.0000e+00,-4.5351e-08,-2.4542e-08,3.6376
0.0045,0.0961,-0.2587,0.0000e+00,-3.1088e-08,-4.1141e-08,4.0653
0.0045,0.1104,-0.2529,0.0000e+00,-3.8697e-08,-3.4082e-08,3.8637
0.0045,0.1244,-0.2464,0.0000e+00,-5.0565e-08,1.0113e-08,2.9442
0.0045,0.1380,-0.2390,0.0000e+00,-3.8629e-08,3.4160e-08,2.4175
0.0045,0.1512,-0.2309,0.0000e+00,-3.6834e-08,3.6088e-08,2.3664
0.0045,0.1638,-0.2221,0.0000e+00,-3.9208e-08,3.3493e-08,2.4346
0.0045,0.1760,-0.2126,0.0000e+00,-4.2582e-08,2.9084e-08,2.5424
0.0045,0.2126,-0.1760,0.0000e+00,-5.0893e-08,8.3047e-09,2.9798
0.0045,0.2221,-0.1638,0.0000e+00,-5.1549e-08,1.3308e-09,3.1158
0.0045,0.2309,-0.1512,0.0000e+00,-5.1254e-08,-5.6615e-09,3.2516
0.0045,0.2390,-0.1380,0.0000e+00,-5.0013e-08,-1.2561e-08,3.3876
0.0045,0.2464,-0.1244,0.0000e+00,-4.7819e-08,-1.9297e-08,3.5251
0.0045,0.2529,-0.1104,0.0000e+00,-4.4572e-08,-2.5931e-08,3.6685
0.0045,0.2587,-0.0961,0.0000e+00,-3.9941e-08,-3.2615e-08,3.8264
0.1215,0.2721,-0.0461,0.0000e+00,5.1566e-08,7.3980e-17,0.0000
0.1215,0.2743,-0.0308,0.0000e+00,5.1566e-08,8.0161e-15,0.0000
0.1215,0.2756,-0.0154,0.0000e+00,5.1566e-08,3.5010e-13,0.0000
0.1215,0.2760,0.0000,0.0000e+00,5.1566e-08,4.2298e-12,0.0001
0.1215,0.2756,0.0154,0.0000e+00,-2.0933e-08,-4.7126e-08,4.2944
0.1215,0.2743,0.0308,0.0000e+00,-2.7034e-08,-4.3912e-08,4.1606
0.1215,0.2721,0.0461,0.0000e+00,-2.6309e-08,-4.4350e-08,4.1770
0.1215,0.2587,0.0961,0.0000e+00,-8.1094e-10,-5.1560e-08,4.6967
0.1215,0.2529,0.1104,0.0000e+00,9.5941e-09,-5.0666e-08,4.8995
0.1215,0.2464,0.1244,0.0000e+00,1.9688e-08,-4.7660e-08,5.1041
0.1215,0.2390,0.1380,0.0000e+00,5.1566e-08,8.3816e-29,0.0000
0.1215,0.2309,0.1512,0.0000e+00,5.1566e-08,1.9646e-29,0.0000
0.1215,0.2221,0.1638,0.0000e+00,4.2544e-08,-2.9139e-08,5.6827
0.1215,0.2126,0.1760,0.0000e+00,5.1566e-08,3.6726e-26,0.0000
0.1215,0.1760,0.2126,0.0000e+00,5.1566e-08,-1.8672e-17,6.2832
0.1215,0.1638,0.2221,0.0000e+00,4.9853e-08,1.3182e-08,0.2585
0.1215,0.1512,0.2309,0.0000e+00,4.7482e-08,2.0114e-08,0.4007
0.1215,0.1380,0.2390,0.0000e+00,4.4261e-08,2.6458e-08,0.5388
0.1215,0.1244,0.2464,0.0000e+00,4.0307e-08,3.2163e-08,0.6735
0.1215,0.1104,0.2529,0.0000e+00,3.5754e-08,3.7158e-08,0.8047
0.1215,0.0961,0.2587,0.0000e+00,3.0697e-08,4.1434e-08,0.9332
0.1215,0.0461,0.2721,0.0000e+00,1.1542e-08,5.0258e-08,1.3451
0.1215,0.0308,0.2743,0.0000e+00,5.5219e-09,5.1270e-08,1.4635
0.1215,0.0154,0.2756,0.0000e+00,-4.8182e-10,5.1564e-08,1.5801
0.1215,0.0000,0.2760,0.0000e+00,-6.3991e-09,5.1168e-08,1.6952
0.1215,-0.0154,0.2756,0.0000e+00,-1.2158e-08,5.0113e-08,1.8088
0.1215,-0.0308,0.2743,0.0000e+00,-1.7700e-08,4.8433e-08,1.9212
0.1215,-0.0461,0.2721,0.0000e+00,-2.2978e-08,4.6164e-08,2.0326
0.1215,-0.0961,0.2587,0.0000e+00,-3.8241e-08,3.4594e-08,2.4062
0.1215,-0.1104,0.2529,0.0000e+00,-4.1952e-08,2.9984e-08,2.5211
0.1215,-0.1244,0.2464,0.0000e+00,-4.5201e-08,2.4818e-08,2.6395
0.1215,-0.1380,0.2390,0.0000e+00,-4.7916e-08,1.9057e-08,2.7631
0.1215,-0.1512,0.2309,0.0000e+00,-4.9988e-08,1.2662e-08,2.8935
0.1215,-0.1638,0.2221,0.0000e+00,-5.1261e-08,5.5993e-09,3.0328
0.1215,-0.1760,0.2126,0.0000e+00,-5.1522e-08,-2.1366e-09,3.1830
0.1215,-0.2126,0.1760,0.0000e+00,-4.1022e-08,-3.1245e-08,3.7925
0.1215,-0.2221,0.1638,0.0000e+00,-3.3294e-08,-3.9378e-08,4.0105
0.1215,-0.2309,0.1512,0.0000e+00,-2.3316e-08,-4.5994e-08,4.2432
0.1215,-0.2390,0.1380,0.0000e+00,-1.1574e-08,-5.0250e-08,4.4860
0.1215,-0.2464,0.1244,0.0000e+00,5.1566e-08,8.6863e-29,0.0000
0.1215,-0.2529,0.1104,0.0000e+00,5.1566e-08,3.6008e-27,0.0000
0.1215,-0.2587,0.0961,0.0000e+00,2.4687e-08,-4.5273e-08,5.2116
0.1215,-0.2721,0.0461,0.0000e+00,4.8106e-08,-1.8571e-08,5.9148
0.1215,-0.2743,0.0308,0.0000e+00,5.0719e-08,-9.3101e-09,6.1016
0.1215,-0.2756,0.0154,0.0000e+00,5.1566e-08,7.7277e-11,0.0015
0.1215,-0.2760,0.0000,0.0000e+00,5.0773e-08,9.0079e-09,0.1756
0.1215,-0.2756,-0.0154,0.0000e+00,4.8453e-08,1.7646e-08,0.3493
0.1215,-0.2743,-0.0308,0.0000e+00,4.4665e-08,2.5770e-08,0.5233
0.1215,-0.2721,-0.0461,0.0000e+00,3.9422e-08,3.3241e-08,0.7005
0.1215,-0.2587,-0.0961,0.0000e+00,9.0370e-09,5.0768e-08,1.3946
0.1215,-0.2529,-0.1104,0.0000e+00,-1.3974e-08,4.9637e-08,1.8452
0.1215,-0.2464,-0.1244,0.0000e+00,-4.1869e-09,-5.1396e-08,4.6311
0.1215,-0.2390,-0.1380,0.0000e+00,1.4992e-08,-4.9339e-08,5.0074
0.1215,-0.2309,-0.1512,0.0000e+00,2.7375e-08,-4.3700e-08,5.2720
0.1215,-0.2221,-0.1638,0.0000e+00,3.7156e-08,-3.5756e-08,5.5170
0.1215,-0.2126,-0.1760,0.0000e+00,5.1566e-08,8.1962e-12,0.0002
0.1215,-0.1760,-0.2126,0.0000e+00,5.1283e-08,5.3946e-09,0.1048
0.1215,-0.1638,-0.2221,0.0000e+00,5.0201e-08,1.1787e-08,0.2306
0.1215,-0.1512,-0.2309,0.0000e+00,4.8747e-08,1.6817e-08,0.3322
0.1215,-0.1380,-0.2390,0.0000e+00,4.7505e-08,2.0059e-08,0.3995
0.1215,-0.1244,-0.2464,0.0000e+00,4.6724e-08,2.1817e-08,0.4369
0.1215,-0.1104,-0.2529,0.0000e+00,4.6506e-08,2.2277e-08,0.4467
0.1215,-0.0961,-0.2587,0.0000e+00,4.6541e-08,2.2203e-08,0.4451
0.1215,-0.0461,-0.2721,0.0000e+00,4.3962e-08,2.6952e-08,0.5500
0.1215,-0.0308,-0.2743,0.0000e+00,4.1549e-08,3.0541e-08,0.6339
0.1215,-0.0154,-0.2756,0.0000e+00,3.8249e-08,3.4584e-08,0.7351
0.1215,-0.0000,-0.2760,0.0000e+00,3.4029e-08,3.8744e-08,0.8501
0.1215,0.0154,-0.2756,0.0000e+00,2.9029e-08,4.2619e-08,0.9729
0.1215,0.0308,-0.2743,0.0000e+00,2.3333e-08,4.5985e-08,1.1012
0.1215,0.0461,-0.2721,0.0000e+00,1.7086e-08,4.8653e-08,1.2331
0.1215,0.0961,-0.2587,0.0000e+00,-6.0436e-09,5.1211e-08,1.6883
0.1215,0.1104,-0.2529,0.0000e+00,-1.3132e-08,4.9866e-08,1.8283
0.1215,0.1244,-0.2464,0.0000e+00,-2.0086e-08,4.7493e-08,1.9709
0.1215,0.1380,-0.2390,0.0000e+00,-2.6759e-08,4.4080e-08,2.1164
0.1215,0.1512,-0.2309,0.0000e+00,-3.2998e-08,3.9626e-08,2.2652
0.1215,0.1638,-0.2221,0.0000e+00,-3.8632e-08,3.4157e-08,2.4176
0.1215,0.1760,-0.2126,0.0000e+00,-4.3479e-08,2.7725e-08,2.5739
0.1215,0.2126,-0.1760,0.0000e+00,-5.1562e-08,6.3276e-10,3.1293
0.1215,0.2221,-0.1638,0.0000e+00,-5.0875e-08,-8.4144e-09,3.3055
0.1215,0.2309,-0.1512,0.0000e+00,-4.8526e-08,-1.7444e-08,3.4867
0.1215,0.2390,-0.1380,0.0000e+00,-4.4463e-08,-2.6118e-08,3.6727
0.1215,0.2464,-0.1244,0.0000e+00,-3.8729e-08,-3.4046e-08,3.8627
0.1215,0.2529,-0.1104,0.0000e+00,-3.1502e-08,-4.0825e-08,4.0552
0.1215,0.2587,-0.0961,0.0000e+00,-2.3146e-08,-4.6080e-08,4.2469
