x[m],y[m],z[m],dirx[m^2A],diry[m^2A],dirz[m^2A],rotation_xy[rad]
-0.1755,0.2721,-0.0461,0.0000e+00,7.2216e-09,2.2052e-08,1.2543
-0.1755,0.2743,-0.0308,0.0000e+00,-7.4146e-09,2.1988e-08,1.8960
-0.1755,0.2756,-0.0154,0.0000e+00,-1.2672e-08,1.9439e-08,2.1485
-0.1755,0.2760,0.0000,0.0000e+00,1.0225e-08,2.0830e-08,1.1145
-0.1755,0.2756,0.0154,0.0000e+00,-3.1448e-09,2.2991e-08,1.7067
-0.1755,0.2743,0.0308,0.0000e+00,-4.1542e-09,2.2830e-08,1.7508
-0.1755,0.2721,0.0461,0.0000e+00,-3.9474e-09,2.2867e-08,1.7417
-0.1755,0.2587,0.0961,0.0000e+00,-9.8315e-09,2.1019e-08,2.0083
-0.1755,0.2529,0.1104,0.0000e+00,-1.1101e-08,2.0377e-08,2.0696
-0.1755,0.2464,0.1244,0.0000e+00,-1.2551e-08,1.9517e-08,2.1423
-0.1755,0.2390,0.1380,0.0000e+00,-1.4079e-08,1.8446e-08,2.2227
-0.1755,0.2309,0.1512,0.0000e+00,-1.5717e-08,1.7072e-08,2.3149
-0.1755,0.2221,0.1638,0.0000e+00,-1.7501e-08,1.5237e-08,2.4252
-0.1755,0.2126,0.1760,0.0000e+00,-1.9422e-08,1.2699e-08,2.5625
-0.1755,0.1760,0.2126,0.0000e+00,-2.2645e-08,5.0649e-09,2.9216
-0.1755,0.1638,0.2221,0.0000e+00,-2.2186e-08,6.8006e-09,2.8442
-0.1755,0.1512,0.2309,0.0000e+00,-2.1611e-08,8.4519e-09,2.7688
-0.1755,0.1380,0.2390,0.0000e+00,-2.1869e-08,7.7594e-09,2.8006
-0.1755,0.1244,0.2464,0.0000e+00,-2.2824e-08,4.1874e-09,2.9601
-0.1755,0.1104,0.2529,0.0000e+00,-2.3183e-08,-1.0116e-09,3.1852
-0.1755,0.0961,0.2587,0.0000e+00,-2.2458e-08,-5.8384e-09,3.3959
-0.1755,0.0461,0.2721,0.0000e+00,-1.9177e-08,-1.3065e-08,3.7397
-0.1755,0.0308,0.2743,0.0000e+00,-1.9177e-08,-1.3066e-08,3.7397
-0.1755,0.0154,0.2756,0.0000e+00,-2.0129e-08,-1.1546e-08,3.6624
-0.1755,0.0000,0.2760,0.0000e+00,-2.1687e-08,-8.2552e-09,3.5053
-0.1755,-0.0154,0.2756,0.0000e+00,-2.1788e-08,-7.9841e-09,3.4928
-0.1755,-0.0308,0.2743,0.0000e+00,-2.1289e-08,-9.2337e-09,3.5508
-0.1755,-0.0461,0.2721,0.0000e+00,-2.1162e-08,-9.5211e-09,3.5644
-0.1755,-0.0961,0.2587,0.0000e+00,-1.9569e-08,-1.2470e-08,3.7089
-0.1755,-0.1104,0.2529,0.0000e+00,-1.6153e-08,-1.6660e-08,3.9425
-0.1755,-0.1244,0.2464,0.0000e+00,-1.5526e-08,-1.7245e-08,3.9794
-0.1755,-0.1380,0.2390,0.0000e+00,-2.2722e-08,4.7065e-09,2.9374
-0.1755,-0.1512,0.2309,0.0000e+00,-1.0429e-08,2.0729e-08,2.0369
-0.1755,-0.1638,0.2221,0.0000e+00,4.8428e-09,2.2694e-08,1.3606
-0.1755,-0.1760,0.2126,0.0000e+00,8.2815e-09,2.1677e-08,1.2059
-0.1755,-0.2126,0.1760,0.0000e+00,4.2198e-10,2.3201e-08,1.5526
-0.1755,-0.2221,0.1638,0.0000e+00,2.2968e-08,3.3056e-09,0.1429
-0.1755,-0.2309,0.1512,0.0000e+00,1.7817e-08,1.4867e-08,0.6954
-0.1755,-0.2390,0.1380,0.0000e+00,-5.5783e-09,2.2524e-08,1.8136
-0.1755,-0.2464,0.1244,0.0000e+00,-4.0605e-09,2.2847e-08,1.7467
-0.1755,-0.2529,0.1104,0.0000e+00,1.2927e-08,1.9271e-08,0.9799
-0.1755,-0.2587,0.0961,0.0000e+00,2.2015e-08,7.3351e-09,0.3216
-0.1755,-0.2721,0.0461,0.0000e+00,2.5454e-09,2.3065e-08,1.4609
-0.1755,-0.2743,0.0308,0.0000e+00,9.6330e-11,2.3205e-08,1.5666
-0.1755,-0.2756,0.0154,0.0000e+00,-1.0541e-08,2.0672e-08,2.0424
-0.1755,-0.2760,0.0000,0.0000e+00,4.2446e-10,2.3201e-08,1.5525
-0.1755,-0.2756,-0.0154,0.0000e+00,-3.8575e-09,2.2882e-08,1.7378
-0.1755,-0.2743,-0.0308,0.0000e+00,-4.1455e-09,2.2832e-08,1.7504
-0.1755,-0.2721,-0.0461,0.0000e+00,1.5350e-09,2.3154e-08,1.5046
-0.1755,-0.2587,-0.0961,0.0000e+00,-9.3817e-09,2.1224e-08,1.9870
-0.1755,-0.2529,-0.1104,0.0000e+00,-1.0693e-08,2.0594e-08,2.0497
-0.1755,-0.2464,-0.1244,0.0000e+00,-1.2149e-08,1.9770e-08,2.1218
-0.1755,-0.2390,-0.1380,0.0000e+00,-1.4063e-08,1.8458e-08,2.2218
-0.1755,-0.2309,-0.1512,0.0000e+00,-1.6027e-08,1.6781e-08,2.3332
-0.1755,-0.2221,-0.1638,0.0000e+00,-1.8096e-08,1.4526e-08,2.4652
-0.1755,-0.2126,-0.1760,0.0000e+00,-2.0078e-08,1.1633e-08,2.6165
-0.1755,-0.1760,-0.2126,0.0000e+00,-2.2612e-08,5.2108e-09,2.9151
-0.1755,-0.1638,-0.2221,0.0000e+00,-2.2014e-08,7.3383e-09,2.8198
-0.1755,-0.1512,-0.2309,0.0000e+00,-2.1433e-08,8.8927e-09,2.7483
-0.1755,-0.1380,-0.2390,0.0000e+00,-2.1841e-08,7.8378e-09,2.7971
-0.1755,-0.1244,-0.2464,0.0000e+00,-2.2849e-08,4.0492e-09,2.9662
-0.1755,-0.1104,-0.2529,0.0000e+00,-2.3179e-08,-1.0921e-09,3.1887
-0.1755,-0.0961,-0.2587,0.0000e+00,-2.2465e-08,-5.8110e-09,3.3947
-0.1755,-0.0461,-0.2721,0.0000e+00,-1.9000e-08,-1.3322e-08,3.7531
-0.1755,-0.0308,-0.2743,0.0000e+00,-1.8861e-08,-1.3518e-08,3.7634
-0.1755,-0.0154,-0.2756,0.0000e+00,-1.9819e-08,-1.2069e-08,3.6886
-0.1755,-0.0000,-0.2760,0.0000e+00,-2.1443e-08,-8.8698e-09,3.5338
-0.1755,0.0154,-0.2756,0.0000e+00,-2.1989e-08,-7.4133e-09,3.4668
-0.1755,0.0308,-0.2743,0.0000e+00,-2.1973e-08,-7.4587e-09,3.4688
-0.1755,0.0461,-0.2721,0.0000e+00,-2.1029e-08,-9.8099e-09,3.5781
-0.1755,0.0961,-0.2587,0.0000e+00,-1.9195e-08,-1.3039e-08,3.7383
-0.1755,0.1104,-0.2529,0.0000e+00,-1.5204e-08,-1.7530e-08,3.9979
-0.1755,0.1244,-0.2464,0.0000e+00,-1.3768e-08,-1.8679e-08,4.0772
-0.1755,0.1380,-0.2390,0.0000e+00,-2.3157e-08,1.4900e-09,3.0773
-0.1755,0.1512,-0.2309,0.0000e+00,-1.2742e-08,1.9393e-08,2.1521
-0.1755,0.1638,-0.2221,0.0000e+00,7.6660e-09,2.1902e-08,1.2341
-0.1755,0.1760,-0.2126,0.0000e+00,-2.9676e-09,2.3014e-08,1.6990
-0.1755,0.2126,-0.1760,0.0000e+00,3.2963e-09,2.2969e-08,1.4283
-0.1755,0.2221,-0.1638,0.0000e+00,1.2789e-08,1.9362e-08,0.9871
-0.1755,0.2309,-0.1512,0.0000e+00,1.7897e-08,1.4770e-08,0.6900
-0.1755,0.2390,-0.1380,0.0000e+00,6.3652e-10,2.3196e-08,1.5434
-0.1755,0.2464,-0.1244,0.0000e+00,4.2741e-09,2.2808e-08,1.3855
-0.1755,0.2529,-0.1104,0.0000e+00,1.7638e-08,1.5078e-08,0.7073
-0.1755,0.2587,-0.0961,0.0000e+00,2.0306e-08,1.1231e-08,0.5052
-0.0585,0.2721,-0.0461,0.0000e+00,-2.5404e-10,2.3203e-08,1.5817
-0.0585,0.2743,-0.0308,0.0000e+00,-7.3486e-09,2.2010e-08,1.8930
-0.0585,0.2756,-0.0154,0.0000e+00,-7.4619e-09,2.1972e-08,1.8982
-0.0585,0.2760,0.0000,0.0000e+00,-4.1960e-10,2.3201e-08,1.5889
-0.0585,0.2756,0.0154,0.0000e+00,5.8864e-09,2.2446e-08,1.3143
-0.0585,0.2743,0.0308,0.0000e+00,6.4916e-09,2.2278e-08,1.2873
-0.0585,0.2721,0.0461,0.0000e+00,2.8530e-09,2.3029e-08,1.4475
-0.0585,0.2587,0.0961,0.0000e+00,-1.3374e-08,1.8963e-08,2.1850
-0.0585,0.2529,0.1104,0.0000e+00,-1.7758e-08,1.4937e-08,2.4422
-0.0585,0.2464,0.1244,0.0000e+00,-1.9646e-08,1.2350e-08,2.5804
-0.0585,0.2390,0.1380,0.0000e+00,-1.6708e-08,1.6103e-08,2.3746
-0.0585,0.2309,0.1512,0.0000e+00,-7.7794e-09,2.1862e-08,1.9127
-0.0585,0.2221,0.1638,0.0000e+00,-1.5848e-09,2.3151e-08,1.6391
-0.0585,0.2126,0.1760,0.0000e+00,-4.8492e-09,2.2692e-08,1.7813
-0.0585,0.1760,0.2126,0.0000e+00,-2.3205e-08,-2.1118e-11,3.1425
-0.0585,0.1638,0.2221,0.0000e+00,-2.3179e-08,-1.0979e-09,3.1889
-0.0585,0.1512,0.2309,0.0000e+00,-2.2894e-08,3.7848e-09,2.9778
-0.0585,0.1380,0.2390,0.0000e+00,-1.9188e-08,1.3050e-08,2.5443
-0.0585,0.1244,0.2464,0.0000e+00,-1.4507e-08,1.8111e-08,2.2462
-0.0585,0.1104,0.2529,0.0000e+00,-1.2693e-08,1.9425e-08,2.1496
-0.0585,0.0961,0.2587,0.0000e+00,-1.4618e-08,1.8021e-08,2.2523
-0.0585,0.0461,0.2721,0.0000e+00,-2.2141e-08,6.9445e-09,2.8377
-0.0585,0.0308,0.2743,0.0000e+00,-2.1281e-08,9.2509e-09,2.7315
-0.0585,0.0154,0.2756,0.0000e+00,-1.3018e-08,1.9209e-08,2.1664
-0.0585,0.0000,0.2760,0.0000e+00,-2.2540e-09,2.3095e-08,1.6681
-0.0585,-0.0154,0.2756,0.0000e+00,4.7138e-09,2.2721e-08,1.3662
-0.0585,-0.0308,0.2743,0.0000e+00,1.2151e-08,1.9769e-08,1.0197
-0.0585,-0.0461,0.2721,0.0000e+00,2.3095e-08,2.2527e-09,0.0972
-0.0585,-0.0961,0.2587,0.0000e+00,-5.2842e-09,2.2595e-08,1.8005
-0.0585,-0.1104,0.2529,0.0000e+00,1.0802e-08,2.0537e-08,1.0866
-0.0585,-0.1244,0.2464,0.0000e+00,5.2289e-09,2.2608e-08,1.3435
-0.0585,-0.1380,0.2390,0.0000e+00,1.8592e-08,1.3886e-08,0.6415
-0.0585,-0.1512,0.2309,0.0000e+00,1.9444e-08,1.2665e-08,0.5773
-0.0585,-0.1638,0.2221,0.0000e+00,2.0012e-08,1.1747e-08,0.5308
-0.0585,-0.1760,0.2126,0.0000e+00,2.3205e-08,3.8815e-14,0.0000
-0.0585,-0.2126,0.1760,0.0000e+00,6.4908e-09,2.2279e-08,1.2873
-0.0585,-0.2221,0.1638,0.0000e+00,-7.7879e-09,2.1859e-08,1.9131
-0.0585,-0.2309,0.1512,0.0000e+00,3.1452e-09,2.2991e-08,1.4348
-0.0585,-0.2390,0.1380,0.0000e+00,1.7818e-08,1.4865e-08,0.6953
-0.0585,-0.2464,0.1244,0.0000e+00,2.0984e-08,9.9067e-09,0.4411
-0.0585,-0.2529,0.1104,0.0000e+00,1.2036e-08,1.9839e-08,1.0255
-0.0585,-0.2587,0.0961,0.0000e+00,8.3351e-09,2.1656e-08,1.2034
-0.0585,-0.2721,0.0461,0.0000e+00,3.8478e-10,2.3202e-08,1.5542
-0.0585,-0.2743,0.0308,0.0000e+00,-7.5993e-09,2.1925e-08,1.9044
-0.0585,-0.2756,0.0154,0.0000e+00,-8.1382e-09,2.1731e-08,1.9291
-0.0585,-0.2760,0.0000,0.0000e+00,-1.0989e-09,2.3179e-08,1.6182
-0.0585,-0.2756,-0.0154,0.0000e+00,6.4058e-09,2.2303e-08,1.2911
-0.0585,-0.2743,-0.0308,0.0000e+00,6.7251e-09,2.2209e-08,1.2768
-0.0585,-0.2721,-0.0461,0.0000e+00,3.0124e-09,2.3008e-08,1.4406
-0.0585,-0.2587,-0.0961,0.0000e+00,-1.3270e-08,1.9036e-08,2.1796
-0.0585,-0.2529,-0.1104,0.0000e+00,-1.7888e-08,1.4781e-08,2.4510
-0.0585,-0.2464,-0.1244,0.0000e+00,-1.9729e-08,1.2217e-08,2.5871
-0.0585,-0.2390,-0.1380,0.0000e+00,-1.7110e-08,1.5676e-08,2.3999
-0.0585,-0.2309,-0.1512,0.0000e+00,-7.1280e-09,2.2083e-08,1.8830
-0.0585,-0.2221,-0.1638,0.0000e+00,-8.6036e-10,2.3189e-08,1.6079
-0.0585,-0.2126,-0.1760,0.0000e+00,-4.8106e-09,2.2701e-08,1.7796
-0.0585,-0.1760,-0.2126,0.0000e+00,-2.3176e-08,-1.1462e-09,3.1910
-0.0585,-0.1638,-0.2221,0.0000e+00,-2.3149e-08,-1.6103e-09,3.2110
-0.0585,-0.1512,-0.2309,0.0000e+00,-2.2897e-08,3.7646e-09,2.9786
-0.0585,-0.1380,-0.2390,0.0000e+00,-1.8964e-08,1.3373e-08,2.5274
-0.0585,-0.1244,-0.2464,0.0000e+00,-1.4475e-08,1.8137e-08,2.2444
-0.0585,-0.1104,-0.2529,0.0000e+00,-1.3137e-08,1.9128e-08,2.1726
-0.0585,-0.0961,-0.2587,0.0000e+00,-1.5099e-08,1.7621e-08,2.2793
-0.0585,-0.0461,-0.2721,0.0000e+00,-2.2240e-08,6.6221e-09,2.8522
-0.0585,-0.0308,-0.2743,0.0000e+00,-2.1137e-08,9.5766e-09,2.7162
-0.0585,-0.0154,-0.2756,0.0000e+00,-1.2630e-08,1.9467e-08,2.1463
-0.0585,-0.0000,-0.2760,0.0000e+00,-2.7758e-09,2.3038e-08,1.6907
-0.0585,0.0154,-0.2756,0.0000e+00,6.8705e-09,2.2164e-08,1.2702
-0.0585,0.0308,-0.2743,0.0000e+00,1.1186e-08,2.0331e-08,1.0678
-0.0585,0.0461,-0.2721,0.0000e+00,2.3205e-08,1.9642e-12,0.0001
-0.0585,0.0961,-0.2587,0.0000e+00,-4.7958e-09,2.2704e-08,1.7790
-0.0585,0.1104,-0.2529,0.0000e+00,1.1694e-08,2.0043e-08,1.0427
-0.0585,0.1244,-0.2464,0.0000e+00,4.0220e-09,2.2854e-08,1.3966
-0.0585,0.1380,-0.2390,0.0000e+00,1.7092e-08,1.5695e-08,0.7428
-0.0585,0.1512,-0.2309,0.0000e+00,2.2406e-08,6.0345e-09,0.2631
-0.0585,0.1638,-0.2221,0.0000e+00,1.7169e-08,1.5611e-08,0.7379
-0.0585,0.1760,-0.2126,0.0000e+00,2.3205e-08,1.4509e-14,0.0000
-0.0585,0.2126,-0.1760,0.0000e+00,2.5775e-09,2.3061e-08,1.4595
-0.0585,0.2221,-0.1638,0.0000e+00,-2.5692e-09,2.3062e-08,1.6817
-0.0585,0.2309,-0.1512,0.0000e+00,1.8025e-09,2.3135e-08,1.4930
-0.0585,0.2390,-0.1380,0.0000e+00,1.7310e-08,1.5454e-08,0.7288
-0.0585,0.2464,-0.1244,0.0000e+00,2.2416e-08,5.9972e-09,0.2614
-0.0585,0.2529,-0.1104,0.0000e+00,1.3531e-08,1.8851e-08,0.9482
-0.0585,0.2587,-0.0961,0.0000e+00,5.4732e-09,2.2550e-08,1.3327
0.0585,0.2721,-0.0461,0.0000e+00,1.7954e-11,2.3205e-08,1.5700
0.0585,0.2743,-0.0308,0.0000e+00,-7.2594e-09,2.2040e-08,1.8890
0.0585,0.2756,-0.0154,0.0000e+00,-8.2913e-09,2.1673e-08,1.9362
0.0585,0.2760,0.0000,0.0000e+00,-9.7408e-10,2.3184e-08,1.6128
0.0585,0.2756,0.0154,0.0000e+00,6.1383e-09,2.2378e-08,1.3031
0.0585,0.2743,0.0308,0.0000e+00,6.9612e-09,2.2136e-08,1.2661
0.0585,0.2721,0.0461,0.0000e+00,3.4340e-09,2.2949e-08,1.4223
0.0585,0.2587,0.0961,0.0000e+00,-1.3507e-08,1.8868e-08,2.1921
0.0585,0.2529,0.1104,0.0000e+00,-1.8140e-08,1.4471e-08,2.4682
0.0585,0.2464,0.1244,0.0000e+00,-1.9839e-08,1.2037e-08,2.5962
0.0585,0.2390,0.1380,0.0000e+00,-1.6703e-08,1.6108e-08,2.3743
0.0585,0.2309,0.1512,0.0000e+00,-7.1760e-09,2.2067e-08,1.8852
0.0585,0.2221,0.1638,0.0000e+00,-7.5670e-10,2.3192e-08,1.6034
0.0585,0.2126,0.1760,0.0000e+00,-5.0602e-09,2.2646e-08,1.7906
0.0585,0.1760,0.2126,0.0000e+00,-2.3177e-08,-1.1282e-09,3.1902
0.0585,0.1638,0.2221,0.0000e+00,-2.3143e-08,-1.6950e-09,3.2147
0.0585,0.1512,0.2309,0.0000e+00,-2.2858e-08,3.9984e-09,2.9684
0.0585,0.1380,0.2390,0.0000e+00,-1.9099e-08,1.3179e-08,2.5376
0.0585,0.1244,0.2464,0.0000e+00,-1.4343e-08,1.8242e-08,2.2371
0.0585,0.1104,0.2529,0.0000e+00,-1.2955e-08,1.9252e-08,2.1631
0.0585,0.0961,0.2587,0.0000e+00,-1.5046e-08,1.7666e-08,2.2763
0.0585,0.0461,0.2721,0.0000e+00,-2.2381e-08,6.1264e-09,2.8744
0.0585,0.0308,0.2743,0.0000e+00,-2.1542e-08,8.6261e-09,2.7607
0.0585,0.0154,0.2756,0.0000e+00,-1.2094e-08,1.9804e-08,2.1190
0.0585,0.0000,0.2760,0.0000e+00,-1.7226e-09,2.3141e-08,1.6451
0.0585,-0.0154,0.2756,0.0000e+00,3.8436e-09,2.2884e-08,1.4044
0.0585,-0.0308,0.2743,0.0000e+00,1.1551e-08,2.0125e-08,1.0497
0.0585,-0.0461,0.2721,0.0000e+00,2.3205e-08,3.4471e-12,0.0001
0.0585,-0.0961,0.2587,0.0000e+00,-4.0577e-09,2.2847e-08,1.7466
0.0585,-0.1104,0.2529,0.0000e+00,1.2085e-08,1.9810e-08,1.0230
0.0585,-0.1244,0.2464,0.0000e+00,3.2352e-09,2.2978e-08,1.4309
0.0585,-0.1380,0.2390,0.0000e+00,1.6022e-08,1.6786e-08,0.8087
0.0585,-0.1512,0.2309,0.0000e+00,1.9953e-08,1.1847e-08,0.5358
0.0585,-0.1638,0.2221,0.0000e+00,2.2893e-08,3.7886e-09,0.1640
0.0585,-0.1760,0.2126,0.0000e+00,2.2616e-08,5.1946e-09,0.2258
0.0585,-0.2126,0.1760,0.0000e+00,2.7163e-09,2.3045e-08,1.4535
0.0585,-0.2221,0.1638,0.0000e+00,-6.1293e-09,2.2381e-08,1.8381
0.0585,-0.2309,0.1512,0.0000e+00,3.9694e-09,2.2863e-08,1.3989
0.0585,-0.2390,0.1380,0.0000e+00,1.9332e-08,1.2835e-08,0.5861
0.0585,-0.2464,0.1244,0.0000e+00,2.1791e-08,7.9753e-09,0.3508
0.0585,-0.2529,0.1104,0.0000e+00,1.0991e-08,2.0437e-08,1.0774
0.0585,-0.2587,0.0961,0.0000e+00,5.7544e-09,2.2480e-08,1.3202
0.0585,-0.2721,0.0461,0.0000e+00,5.5062e-10,2.3198e-08,1.5471
0.0585,-0.2743,0.0308,0.0000e+00,-6.8989e-09,2.2156e-08,1.8727
0.0585,-0.2756,0.0154,0.0000e+00,-7.6372e-09,2.1912e-08,1.9062
0.0585,-0.2760,0.0000,0.0000e+00,-1.3438e-09,2.3166e-08,1.6287
0.0585,-0.2756,-0.0154,0.0000e+00,5.7881e-09,2.2471e-08,1.3187
0.0585,-0.2743,-0.0308,0.0000e+00,6.4818e-09,2.2281e-08,1.2877
0.0585,-0.2721,-0.0461,0.0000e+00,3.0425e-09,2.3004e-08,1.4393
0.0585,-0.2587,-0.0961,0.0000e+00,-1.3063e-08,1.9179e-08,2.1687
0.0585,-0.2529,-0.1104,0.0000e+00,-1.7550e-08,1.5180e-08,2.4285
0.0585,-0.2464,-0.1244,0.0000e+00,-1.9631e-08,1.2373e-08,2.5792
0.0585,-0.2390,-0.1380,0.0000e+00,-1.7354e-08,1.5405e-08,2.4156
0.0585,-0.2309,-0.1512,0.0000e+00,-7.4773e-09,2.1967e-08,1.8989
0.0585,-0.2221,-0.1638,0.0000e+00,-1.1690e-09,2.3175e-08,1.6212
0.0585,-0.2126,-0.1760,0.0000e+00,-4.7403e-09,2.2715e-08,1.7765
0.0585,-0.1760,-0.2126,0.0000e+00,-2.3205e-08,-9.0360e-11,3.1455
0.0585,-0.1638,-0.2221,0.0000e+00,-2.3166e-08,-1.3488e-09,3.1998
0.0585,-0.1512,-0.2309,0.0000e+00,-2.2926e-08,3.5840e-09,2.9865
0.0585,-0.1380,-0.2390,0.0000e+00,-1.9141e-08,1.3118e-08,2.5408
0.0585,-0.1244,-0.2464,0.0000e+00,-1.4279e-08,1.8292e-08,2.2336
0.0585,-0.1104,-0.2529,0.0000e+00,-1.2773e-08,1.9373e-08,2.1537
0.0585,-0.0961,-0.2587,0.0000e+00,-1.4696e-08,1.7958e-08,2.2566
0.0585,-0.0461,-0.2721,0.0000e+00,-2.2186e-08,6.8000e-09,2.8442
0.0585,-0.0308,-0.2743,0.0000e+00,-2.1266e-08,9.2849e-09,2.7299
0.0585,-0.0154,-0.2756,0.0000e+00,-1.2956e-08,1.9251e-08,2.1632
0.0585,-0.0000,-0.2760,0.0000e+00,-2.6614e-09,2.3052e-08,1.6857
0.0585,0.0154,-0.2756,0.0000e+00,5.6445e-09,2.2508e-08,1.3251
0.0585,0.0308,-0.2743,0.0000e+00,1.1123e-08,2.0365e-08,1.0709
0.0585,0.0461,-0.2721,0.0000e+00,2.3147e-08,1.6369e-09,0.0706
0.0585,0.0961,-0.2587,0.0000e+00,-5.8834e-09,2.2447e-08,1.8271
0.0585,0.1104,-0.2529,0.0000e+00,1.2504e-08,1.9548e-08,1.0017
0.0585,0.1244,-0.2464,0.0000e+00,5.0227e-09,2.2655e-08,1.3526
0.0585,0.1380,-0.2390,0.0000e+00,1.5360e-08,1.7394e-08,0.8474
0.0585,0.1512,-0.2309,0.0000e+00,2.1844e-08,7.8301e-09,0.3442
0.0585,0.1638,-0.2221,0.0000e+00,1.8902e-08,1.3460e-08,0.6188
0.0585,0.1760,-0.2126,0.0000e+00,2.3205e-08,5.7098e-13,0.0000
0.0585,0.2126,-0.1760,0.0000e+00,7.5505e-10,2.3193e-08,1.5383
0.0585,0.2221,-0.1638,0.0000e+00,-1.3079e-09,2.3168e-08,1.6272
0.0585,0.2309,-0.1512,0.0000e+00,2.3037e-09,2.3090e-08,1.4714
0.0585,0.2390,-0.1380,0.0000e+00,1.7163e-08,1.5618e-08,0.7383
0.0585,0.2464,-0.1244,0.0000e+00,2.1342e-08,9.1098e-09,0.4034
0.0585,0.2529,-0.1104,0.0000e+00,1.3572e-08,1.8822e-08,0.9461
0.0585,0.2587,-0.0961,0.0000e+00,7.9232e-09,2.1810e-08,1.2223
0.1755,0.2721,-0.0461,0.0000e+00,1.4005e-09,2.3162e-08,1.5104
0.1755,0.2743,-0.0308,0.0000e+00,-8.9914e-09,2.1392e-08,1.9687
0.1755,0.2756,-0.0154,0.0000e+00,-1.0348e-08,2.0770e-08,2.0330
0.1755,0.2760,0.0000,0.0000e+00,5.7112e-09,2.2491e-08,1.3221
0.1755,0.2756,0.0154,0.0000e+00,1.1198e-09,2.3178e-08,1.5225
0.1755,0.2743,0.0308,0.0000e+00,-3.6269e-09,2.2920e-08,1.7277
0.1755,0.2721,0.0461,0.0000e+00,-4.7516e-09,2.2713e-08,1.7770
0.1755,0.2587,0.0961,0.0000e+00,-9.2736e-09,2.1271e-08,1.9819
0.1755,0.2529,0.1104,0.0000e+00,-1.0937e-08,2.0466e-08,2.0616
0.1755,0.2464,0.1244,0.0000e+00,-1.2356e-08,1.9642e-08,2.1323
0.1755,0.2390,0.1380,0.0000e+00,-1.3934e-08,1.8556e-08,2.2149
0.1755,0.2309,0.1512,0.0000e+00,-1.5526e-08,1.7246e-08,2.3038
0.1755,0.2221,0.1638,0.0000e+00,-1.7654e-08,1.5059e-08,2.4353
0.1755,0.2126,0.1760,0.0000e+00,-1.9725e-08,1.2222e-08,2.5869
0.1755,0.1760,0.2126,0.0000e+00,-2.2724e-08,4.7002e-09,2.9376
0.1755,0.1638,0.2221,0.0000e+00,-2.2253e-08,6.5792e-09,2.8541
0.1755,0.1512,0.2309,0.0000e+00,-2.1517e-08,8.6887e-09,2.7578
0.1755,0.1380,0.2390,0.0000e+00,-2.1665e-08,8.3127e-09,2.7752
0.1755,0.1244,0.2464,0.0000e+00,-2.2719e-08,4.7257e-09,2.9365
0.1755,0.1104,0.2529,0.0000e+00,-2.3202e-08,-3.3952e-10,3.1562
0.1755,0.0961,0.2587,0.0000e+00,-2.2583e-08,-5.3375e-09,3.3737
0.1755,0.0461,0.2721,0.0000e+00,-1.9032e-08,-1.3275e-08,3.7506
0.1755,0.0308,0.2743,0.0000e+00,-1.8801e-08,-1.3601e-08,3.7679
0.1755,0.0154,0.2756,0.0000e+00,-1.9597e-08,-1.2427e-08,3.7067
0.1755,0.0000,0.2760,0.0000e+00,-2.1555e-08,-8.5925e-09,3.5209
0.1755,-0.0154,0.2756,0.0000e+00,-2.2176e-08,-6.8322e-09,3.4405
0.1755,-0.0308,0.2743,0.0000e+00,-2.2182e-08,-6.8135e-09,3.4396
0.1755,-0.0461,0.2721,0.0000e+00,-2.1919e-08,-7.6170e-09,3.4760
0.1755,-0.0961,0.2587,0.0000e+00,-1.9722e-08,-1.2227e-08,3.6966
0.1755,-0.1104,0.2529,0.0000e+00,-1.5179e-08,-1.7552e-08,3.9994
0.1755,-0.1244,0.2464,0.0000e+00,-1.3249e-08,-1.9051e-08,4.1047
0.1755,-0.1380,0.2390,0.0000e+00,-2.2849e-08,4.0479e-09,2.9663
0.1755,-0.1512,0.2309,0.0000e+00,-4.7403e-09,2.2715e-08,1.7765
0.1755,-0.1638,0.2221,0.0000e+00,-1.7778e-09,2.3137e-08,1.6475
0.1755,-0.1760,0.2126,0.0000e+00,5.6406e-09,2.2509e-08,1.3253
0.1755,-0.2126,0.1760,0.0000e+00,1.8155e-09,2.3134e-08,1.4925
0.1755,-0.2221,0.1638,0.0000e+00,1.8778e-08,1.3633e-08,0.6280
0.1755,-0.2309,0.1512,0.0000e+00,2.3020e-08,2.9191e-09,0.1261
0.1755,-0.2390,0.1380,0.0000e+00,-4.0220e-09,2.2854e-08,1.7450
0.1755,-0.2464,0.1244,0.0000e+00,2.5612e-09,2.3063e-08,1.4602
0.1755,-0.2529,0.1104,0.0000e+00,1.9382e-08,1.2759e-08,0.5822
0.1755,-0.2587,0.0961,0.0000e+00,9.1643e-11,2.3205e-08,1.5668
0.1755,-0.2721,0.0461,0.0000e+00,1.8297e-08,1.4272e-08,0.6625
0.1755,-0.2743,0.0308,0.0000e+00,-3.9176e-09,2.2872e-08,1.7404
0.1755,-0.2756,0.0154,0.0000e+00,-7.8314e-09,2.1843e-08,1.9150
0.1755,-0.2760,0.0000,0.0000e+00,-7.9934e-10,2.3191e-08,1.6053
0.1755,-0.2756,-0.0154,0.0000e+00,-5.5738e-09,2.2525e-08,1.8134
0.1755,-0.2743,-0.0308,0.0000e+00,-4.9088e-09,2.2680e-08,1.7839
0.1755,-0.2721,-0.0461,0.0000e+00,-2.3788e-09,2.3083e-08,1.6735
0.1755,-0.2587,-0.0961,0.0000e+00,-8.6427e-09,2.1535e-08,1.9524
0.1755,-0.2529,-0.1104,0.0000e+00,-1.0619e-08,2.0632e-08,2.0461
0.1755,-0.2464,-0.1244,0.0000e+00,-1.1627e-08,2.0081e-08,2.0956
0.1755,-0.2390,-0.1380,0.0000e+00,-1.3666e-08,1.8753e-08,2.2006
0.1755,-0.2309,-0.1512,0.0000e+00,-1.5766e-08,1.7027e-08,2.3178
0.1755,-0.2221,-0.1638,0.0000e+00,-1.7914e-08,1.4749e-08,2.4528
0.1755,-0.2126,-0.1760,0.0000e+00,-2.0011e-08,1.1748e-08,2.6108
0.1755,-0.1760,-0.2126,0.0000e+00,-2.2738e-08,4.6334e-09,2.9406
0.1755,-0.1638,-0.2221,0.0000e+00,-2.2214e-08,6.7074e-09,2.8484
0.1755,-0.1512,-0.2309,0.0000e+00,-2.1562e-08,8.5761e-09,2.7630
0.1755,-0.1380,-0.2390,0.0000e+00,-2.1834e-08,7.8587e-09,2.7961
0.1755,-0.1244,-0.2464,0.0000e+00,-2.2821e-08,4.2045e-09,2.9594
0.1755,-0.1104,-0.2529,0.0000e+00,-2.3196e-08,-6.3722e-10,3.1691
0.1755,-0.0961,-0.2587,0.0000e+00,-2.2540e-08,-5.5127e-09,3.3815
0.1755,-0.0461,-0.2721,0.0000e+00,-1.8800e-08,-1.3603e-08,3.7680
0.1755,-0.0308,-0.2743,0.0000e+00,-1.8852e-08,-1.3531e-08,3.7641
0.1755,-0.0154,-0.2756,0.0000e+00,-2.0135e-08,-1.1534e-08,3.6618
0.1755,-0.0000,-0.2760,0.0000e+00,-2.1525e-08,-8.6676e-09,3.5244
0.1755,0.0154,-0.2756,0.0000e+00,-2.1777e-08,-8.0140e-09,3.4942
0.1755,0.0308,-0.2743,0.0000e+00,-2.1342e-08,-9.1100e-09,3.5450
0.1755,0.0461,-0.2721,0.0000e+00,-2.1129e-08,-9.5923e-09,3.5678
0.1755,0.0961,-0.2587,0.0000e+00,-1.8980e-08,-1.3350e-08,3.7546
0.1755,0.1104,-0.2529,0.0000e+00,-1.6512e-08,-1.6303e-08,3.9206
0.1755,0.1244,-0.2464,0.0000e+00,-1.5055e-08,-1.7658e-08,4.0064
0.1755,0.1380,-0.2390,0.0000e+00,-2.3204e-08,1.5607e-10,3.1349
0.1755,0.1512,-0.2309,0.0000e+00,-1.0229e-08,2.0828e-08,2.0273
0.1755,0.1638,-0.2221,0.0000e+00,5.5858e-09,2.2522e-08,1.3277
0.1755,0.1760,-0.2126,0.0000e+00,-5.2274e-10,2.3199e-08,1.5933
0.1755,0.2126,-0.1760,0.0000e+00,6.4277e-09,2.2297e-08,1.2901
0.1755,0.2221,-0.1638,0.0000e+00,1.6473e-08,1.6344e-08,0.7815
0.1755,0.2309,-0.1512,0.0000e+00,1.9166e-08,1.3081e-08,0.5989
0.1755,0.2390,-0.1380,0.0000e+00,-7.7778e-09,2.1862e-08,1.9126
0.1755,0.2464,-0.1244,0.0000e+00,3.9299e-09,2.2870e-08,1.4006
0.1755,0.2529,-0.1104,0.0000e+00,1.6946e-08,1.5853e-08,0.7521
0.1755,0.2587,-0.0961,0.0000e+00,2.2720e-08,4.7163e-09,0.2047
