x[m],y[m],z[m],dirx[m^2A],diry[m^2A],dirz[m^2A],rotation_xy[rad]
-0.1755,0.2721,-0.0461,0.0000e+00,1.7764e-08,-1.4929e-08,-0.6989
-0.1755,0.2743,-0.0308,0.0000e+00,2.0762e-08,-1.0364e-08,-0.4630
-0.1755,0.2756,-0.0154,0.0000e+00,2.2835e-08,-4.1247e-09,-0.1787
-0.1755,0.2760,0.0000,0.0000e+00,2.2218e-08,6.6955e-09,0.2927
-0.1755,0.2756,0.0154,0.0000e+00,-1.9069e-08,1.3223e-08,2.5353
-0.1755,0.2743,0.0308,0.0000e+00,-1.5192e-08,-1.7540e-08,3.9986
-0.1755,0.2721,0.0461,0.0000e+00,-1.9869e-08,-1.1986e-08,3.6844
-0.1755,0.2587,0.0961,0.0000e+00,2.2020e-08,-7.3193e-09,-0.3209
-0.1755,0.2529,0.1104,0.0000e+00,1.9740e-08,-1.2198e-08,-0.5535
-0.1755,0.2464,0.1244,0.0000e+00,2.3179e-08,-1.1018e-09,-0.0475
-0.1755,0.2390,0.1380,0.0000e+00,2.0213e-08,1.1397e-08,0.5134
-0.1755,0.2309,0.1512,0.0000e+00,-2.3165e-08,-1.3546e-09,3.2000
-0.1755,0.2221,0.1638,0.0000e+00,4.1729e-09,-2.2827e-08,4.8932
-0.1755,0.2126,0.1760,0.0000e+00,9.2860e-09,-2.1266e-08,5.1241
-0.1755,0.1760,0.2126,0.0000e+00,2.3111e-08,2.0833e-09,0.0899
-0.1755,0.1638,0.2221,0.0000e+00,2.2720e-08,-4.7169e-09,-0.2047
-0.1755,0.1512,0.2309,0.0000e+00,2.1626e-08,-8.4128e-09,-0.3710
-0.1755,0.1380,0.2390,0.0000e+00,2.2260e-08,-6.5554e-09,-0.2864
-0.1755,0.1244,0.2464,0.0000e+00,2.6444e-10,2.3203e-08,1.5594
-0.1755,0.1104,0.2529,0.0000e+00,1.3622e-08,-1.8785e-08,5.3398
-0.1755,0.0961,0.2587,0.0000e+00,1.5138e-08,-1.7587e-08,5.4231
-0.1755,0.0461,0.2721,0.0000e+00,2.3205e-08,-2.0884e-11,-0.0009
-0.1755,0.0308,0.2743,0.0000e+00,2.3201e-08,-4.0142e-10,-0.0173
-0.1755,0.0154,0.2756,0.0000e+00,2.3204e-08,-2.2508e-10,-0.0097
-0.1755,0.0000,0.2760,0.0000e+00,2.3177e-08,1.1296e-09,0.0487
-0.1755,-0.0154,0.2756,0.0000e+00,2.0236e-08,1.1356e-08,0.5114
-0.1755,-0.0308,0.2743,0.0000e+00,3.8914e-09,2.2876e-08,1.4023
-0.1755,-0.0461,0.2721,0.0000e+00,-8.8649e-09,-2.1445e-08,4.3204
-0.1755,-0.0961,0.2587,0.0000e+00,2.1369e-08,9.0471e-09,0.4005
-0.1755,-0.1104,0.2529,0.0000e+00,2.2035e-08,7.2752e-09,0.3189
-0.1755,-0.1244,0.2464,0.0000e+00,2.3083e-08,2.3743e-09,0.1025
-0.1755,-0.1380,0.2390,0.0000e+00,2.2132e-08,6.9749e-09,0.3053
-0.1755,-0.1512,0.2309,0.0000e+00,2.1856e-08,7.7954e-09,0.3426
-0.1755,-0.1638,0.2221,0.0000e+00,-2.2813e-08,-4.2458e-09,3.3256
-0.1755,-0.1760,0.2126,0.0000e+00,-1.5372e-08,1.7383e-08,2.2949
-0.1755,-0.2126,0.1760,0.0000e+00,2.3205e-08,-6.9614e-12,-0.0003
-0.1755,-0.2221,0.1638,0.0000e+00,2.3205e-08,-0.0000e+00,-0.0000
-0.1755,-0.2309,0.1512,0.0000e+00,2.3205e-08,-0.0000e+00,-0.0000
-0.1755,-0.2390,0.1380,0.0000e+00,2.2479e-08,5.7589e-09,0.2508
-0.1755,-0.2464,0.1244,0.0000e+00,3.9738e-09,2.2862e-08,1.3987
-0.1755,-0.2529,0.1104,0.0000e+00,-2.2927e-08,-3.5802e-09,3.2965
-0.1755,-0.2587,0.0961,0.0000e+00,-2.1776e-08,-8.0180e-09,3.4944
-0.1755,-0.2721,0.0461,0.0000e+00,1.9020e-08,-1.3293e-08,-0.6100
-0.1755,-0.2743,0.0308,0.0000e+00,2.0761e-08,-1.0366e-08,-0.4631
-0.1755,-0.2756,0.0154,0.0000e+00,2.2293e-08,-6.4395e-09,-0.2812
-0.1755,-0.2760,0.0000,0.0000e+00,2.2644e-08,5.0708e-09,0.2203
-0.1755,-0.2756,-0.0154,0.0000e+00,-1.7611e-08,1.5110e-08,2.4325
-0.1755,-0.2743,-0.0308,0.0000e+00,-1.8358e-08,-1.4193e-08,3.7997
-0.1755,-0.2721,-0.0461,0.0000e+00,-1.6690e-08,-1.6122e-08,3.9097
-0.1755,-0.2587,-0.0961,0.0000e+00,2.1527e-08,-8.6631e-09,-0.3826
-0.1755,-0.2529,-0.1104,0.0000e+00,1.8293e-08,-1.4277e-08,-0.6627
-0.1755,-0.2464,-0.1244,0.0000e+00,2.3180e-08,-1.0647e-09,-0.0459
-0.1755,-0.2390,-0.1380,0.0000e+00,2.1648e-08,8.3566e-09,0.3684
-0.1755,-0.2309,-0.1512,0.0000e+00,-2.2766e-08,4.4893e-09,2.9469
-0.1755,-0.2221,-0.1638,0.0000e+00,6.6046e-09,-2.2245e-08,5.0010
-0.1755,-0.2126,-0.1760,0.0000e+00,4.7353e-09,-2.2716e-08,4.9179
-0.1755,-0.1760,-0.2126,0.0000e+00,2.3182e-08,-1.0276e-09,-0.0443
-0.1755,-0.1638,-0.2221,0.0000e+00,2.2747e-08,-4.5851e-09,-0.1989
-0.1755,-0.1512,-0.2309,0.0000e+00,2.1738e-08,-8.1180e-09,-0.3574
-0.1755,-0.1380,-0.2390,0.0000e+00,2.2772e-08,-4.4622e-09,-0.1935
-0.1755,-0.1244,-0.2464,0.0000e+00,6.1580e-09,2.2373e-08,1.3022
-0.1755,-0.1104,-0.2529,0.0000e+00,1.2078e-08,-1.9814e-08,5.2598
-0.1755,-0.0961,-0.2587,0.0000e+00,1.3746e-08,-1.8695e-08,5.3464
-0.1755,-0.0461,-0.2721,0.0000e+00,2.3201e-08,-4.0606e-10,-0.0175
-0.1755,-0.0308,-0.2743,0.0000e+00,2.3094e-08,-2.2612e-09,-0.0976
-0.1755,-0.0154,-0.2756,0.0000e+00,2.3201e-08,-4.3854e-10,-0.0189
-0.1755,-0.0000,-0.2760,0.0000e+00,2.3204e-08,1.9956e-10,0.0086
-0.1755,0.0154,-0.2756,0.0000e+00,1.9610e-08,1.2407e-08,0.5641
-0.1755,0.0308,-0.2743,0.0000e+00,1.1554e-08,2.0124e-08,1.0496
-0.1755,0.0461,-0.2721,0.0000e+00,-1.1316e-08,-2.0259e-08,4.2030
-0.1755,0.0961,-0.2587,0.0000e+00,2.1152e-08,9.5424e-09,0.4238
-0.1755,0.1104,-0.2529,0.0000e+00,2.2715e-08,4.7442e-09,0.2059
-0.1755,0.1244,-0.2464,0.0000e+00,2.3115e-08,-2.0348e-09,-0.0878
-0.1755,0.1380,-0.2390,0.0000e+00,2.3200e-08,-4.5014e-10,-0.0194
-0.1755,0.1512,-0.2309,0.0000e+00,1.8657e-08,1.3798e-08,0.6368
-0.1755,0.1638,-0.2221,0.0000e+00,-2.3137e-08,-1.7713e-09,3.2180
-0.1755,0.1760,-0.2126,0.0000e+00,-1.5934e-08,1.6869e-08,2.3277
-0.1755,0.2126,-0.1760,0.0000e+00,2.3205e-08,-0.0000e+00,-0.0000
-0.1755,0.2221,-0.1638,0.0000e+00,2.3205e-08,-0.0000e+00,-0.0000
-0.1755,0.2309,-0.1512,0.0000e+00,2.3173e-08,1.2200e-09,0.0526
-0.1755,0.2390,-0.1380,0.0000e+00,2.2939e-08,3.4998e-09,0.1514
-0.1755,0.2464,-0.1244,0.0000e+00,4.4370e-09,2.2777e-08,1.3784
-0.1755,0.2529,-0.1104,0.0000e+00,-2.3015e-08,-2.9623e-09,3.2696
-0.1755,0.2587,-0.0961,0.0000e+00,-2.1718e-08,-8.1724e-09,3.5015
-0.0585,0.2721,-0.0461,0.0000e+00,1.0794e-08,-2.0542e-08,-1.0870
-0.0585,0.2743,-0.0308,0.0000e+00,1.9440e-08,-1.2670e-08,-0.5776
-0.0585,0.2756,-0.0154,0.0000e+00,8.1744e-09,2.1717e-08,1.2108
-0.0585,0.2760,0.0000,0.0000e+00,-2.1841e-08,7.8389e-09,2.7970
-0.0585,0.2756,0.0154,0.0000e+00,-2.2064e-08,7.1869e-09,2.8267
-0.0585,0.2743,0.0308,0.0000e+00,6.0317e-10,2.3197e-08,1.5448
-0.0585,0.2721,0.0461,0.0000e+00,1.7127e-08,1.5657e-08,0.7406
-0.0585,0.2587,0.0961,0.0000e+00,1.8099e-08,-1.4522e-08,-0.6762
-0.0585,0.2529,0.1104,0.0000e+00,9.8354e-09,2.1017e-08,1.1331
-0.0585,0.2464,0.1244,0.0000e+00,-2.2484e-08,-5.7389e-09,3.3915
-0.0585,0.2390,0.1380,0.0000e+00,-2.0663e-08,1.0559e-08,2.6692
-0.0585,0.2309,0.1512,0.0000e+00,1.4238e-09,2.3161e-08,1.5094
-0.0585,0.2221,0.1638,0.0000e+00,2.1794e-08,7.9678e-09,0.3505
-0.0585,0.2126,0.1760,0.0000e+00,1.2881e-08,-1.9301e-08,-0.9823
-0.0585,0.1760,0.2126,0.0000e+00,-2.2884e-08,3.8433e-09,2.9752
-0.0585,0.1638,0.2221,0.0000e+00,-2.3188e-08,8.7908e-10,3.1037
-0.0585,0.1512,0.2309,0.0000e+00,-2.1407e-08,8.9549e-09,2.7454
-0.0585,0.1380,0.2390,0.0000e+00,-1.2075e-10,2.3204e-08,1.5760
-0.0585,0.1244,0.2464,0.0000e+00,2.1044e-08,-9.7787e-09,-0.4350
-0.0585,0.1104,0.2529,0.0000e+00,1.0693e-09,2.3180e-08,1.5247
-0.0585,0.0961,0.2587,0.0000e+00,-1.2536e-08,1.9527e-08,2.1415
-0.0585,0.0461,0.2721,0.0000e+00,-1.9209e-08,1.3018e-08,2.5460
-0.0585,0.0308,0.2743,0.0000e+00,-1.5949e-08,1.6855e-08,2.3286
-0.0585,0.0154,0.2756,0.0000e+00,-7.0634e-09,2.2104e-08,1.8801
-0.0585,0.0000,0.2760,0.0000e+00,2.2533e-08,-5.5451e-09,-0.2413
-0.0585,-0.0154,0.2756,0.0000e+00,2.2323e-08,6.3369e-09,0.2766
-0.0585,-0.0308,0.2743,0.0000e+00,7.8914e-09,2.1822e-08,1.2238
-0.0585,-0.0461,0.2721,0.0000e+00,-7.2885e-09,2.2030e-08,1.8903
-0.0585,-0.0961,0.2587,0.0000e+00,-5.9992e-09,2.2416e-08,1.8323
-0.0585,-0.1104,0.2529,0.0000e+00,2.1333e-08,9.1303e-09,0.4044
-0.0585,-0.1244,0.2464,0.0000e+00,-5.0686e-09,2.2644e-08,1.7910
-0.0585,-0.1380,0.2390,0.0000e+00,2.3202e-08,-3.4806e-10,-0.0150
-0.0585,-0.1512,0.2309,0.0000e+00,2.3205e-08,-0.0000e+00,-0.0000
-0.0585,-0.1638,0.2221,0.0000e+00,2.3205e-08,-0.0000e+00,-0.0000
-0.0585,-0.1760,0.2126,0.0000e+00,3.8068e-09,2.2890e-08,1.4060
-0.0585,-0.2126,0.1760,0.0000e+00,-1.7058e-08,1.5732e-08,2.3966
-0.0585,-0.2221,0.1638,0.0000e+00,2.2652e-08,-5.0345e-09,-0.2187
-0.0585,-0.2309,0.1512,0.0000e+00,1.2426e-08,-1.9597e-08,-1.0057
-0.0585,-0.2390,0.1380,0.0000e+00,1.5327e-08,-1.7423e-08,-0.8493
-0.0585,-0.2464,0.1244,0.0000e+00,5.5676e-09,2.2527e-08,1.3285
-0.0585,-0.2529,0.1104,0.0000e+00,-6.6111e-09,2.2243e-08,1.8597
-0.0585,-0.2587,0.0961,0.0000e+00,-1.0748e-08,2.0565e-08,2.0524
-0.0585,-0.2721,0.0461,0.0000e+00,1.9850e-08,-1.2018e-08,-0.5444
-0.0585,-0.2743,0.0308,0.0000e+00,7.7275e-09,-2.1880e-08,-1.2313
-0.0585,-0.2756,0.0154,0.0000e+00,1.8682e-08,1.3765e-08,0.6350
-0.0585,-0.2760,0.0000,0.0000e+00,-2.2606e-08,5.2380e-09,2.9139
-0.0585,-0.2756,-0.0154,0.0000e+00,-2.2375e-08,6.1513e-09,2.8733
-0.0585,-0.2743,-0.0308,0.0000e+00,-1.9424e-09,2.3123e-08,1.6546
-0.0585,-0.2721,-0.0461,0.0000e+00,1.2174e-08,1.9755e-08,1.0185
-0.0585,-0.2587,-0.0961,0.0000e+00,1.9261e-08,-1.2941e-08,-0.5916
-0.0585,-0.2529,-0.1104,0.0000e+00,1.3341e-08,1.8987e-08,0.9583
-0.0585,-0.2464,-0.1244,0.0000e+00,-2.1671e-08,-8.2961e-09,3.5072
-0.0585,-0.2390,-0.1380,0.0000e+00,-2.2803e-08,4.3002e-09,2.9552
-0.0585,-0.2309,-0.1512,0.0000e+00,6.8530e-09,2.2170e-08,1.2710
-0.0585,-0.2221,-0.1638,0.0000e+00,1.7871e-08,1.4801e-08,0.6917
-0.0585,-0.2126,-0.1760,0.0000e+00,1.0567e-08,-2.0659e-08,-1.0980
-0.0585,-0.1760,-0.2126,0.0000e+00,-2.2836e-08,4.1199e-09,2.9631
-0.0585,-0.1638,-0.2221,0.0000e+00,-2.3148e-08,1.6182e-09,3.0718
-0.0585,-0.1512,-0.2309,0.0000e+00,-2.2746e-08,4.5917e-09,2.9424
-0.0585,-0.1380,-0.2390,0.0000e+00,6.4461e-09,2.2291e-08,1.2893
-0.0585,-0.1244,-0.2464,0.0000e+00,2.3194e-08,-6.9372e-10,-0.0299
-0.0585,-0.1104,-0.2529,0.0000e+00,-1.4772e-09,2.3158e-08,1.6345
-0.0585,-0.0961,-0.2587,0.0000e+00,-1.5722e-08,1.7067e-08,2.3152
-0.0585,-0.0461,-0.2721,0.0000e+00,-1.9378e-08,1.2765e-08,2.5591
-0.0585,-0.0308,-0.2743,0.0000e+00,-1.2495e-08,1.9554e-08,2.1394
-0.0585,-0.0154,-0.2756,0.0000e+00,-2.3536e-09,2.3085e-08,1.6724
-0.0585,-0.0000,-0.2760,0.0000e+00,2.2858e-08,-3.9944e-09,-0.1730
-0.0585,0.0154,-0.2756,0.0000e+00,1.2267e-08,1.9697e-08,1.0138
-0.0585,0.0308,-0.2743,0.0000e+00,1.9275e-08,1.2920e-08,0.5905
-0.0585,0.0461,-0.2721,0.0000e+00,-9.1986e-09,2.1304e-08,1.9784
-0.0585,0.0961,-0.2587,0.0000e+00,6.1357e-09,2.2379e-08,1.3032
-0.0585,0.1104,-0.2529,0.0000e+00,-4.4850e-09,2.2767e-08,1.7653
-0.0585,0.1244,-0.2464,0.0000e+00,2.2973e-08,3.2748e-09,0.1416
-0.0585,0.1380,-0.2390,0.0000e+00,1.0397e-08,2.0745e-08,1.1062
-0.0585,0.1512,-0.2309,0.0000e+00,2.3179e-08,-1.0972e-09,-0.0473
-0.0585,0.1638,-0.2221,0.0000e+00,2.3035e-08,2.8032e-09,0.1211
-0.0585,0.1760,-0.2126,0.0000e+00,1.4981e-08,1.7721e-08,0.8690
-0.0585,0.2126,-0.1760,0.0000e+00,-1.6065e-08,1.6744e-08,2.3355
-0.0585,0.2221,-0.1638,0.0000e+00,2.3202e-08,3.5038e-10,0.0151
-0.0585,0.2309,-0.1512,0.0000e+00,9.3261e-09,-2.1248e-08,-1.1572
-0.0585,0.2390,-0.1380,0.0000e+00,1.7907e-08,-1.4758e-08,-0.6893
-0.0585,0.2464,-0.1244,0.0000e+00,1.0720e-08,2.0580e-08,1.0906
-0.0585,0.2529,-0.1104,0.0000e+00,-8.2093e-09,2.1704e-08,1.9324
-0.0585,0.2587,-0.0961,0.0000e+00,-1.0530e-08,2.0678e-08,2.0418
0.0585,0.2721,-0.0461,0.0000e+00,9.0491e-09,-2.1368e-08,-1.1702
0.0585,0.2743,-0.0308,0.0000e+00,2.1405e-08,-8.9615e-09,-0.3965
0.0585,0.2756,-0.0154,0.0000e+00,1.2222e-08,1.9725e-08,1.0161
0.0585,0.2760,0.0000,0.0000e+00,-2.2325e-08,6.3301e-09,2.8653
0.0585,0.2756,0.0154,0.0000e+00,-2.2674e-08,4.9346e-09,2.9273
0.0585,0.2743,0.0308,0.0000e+00,4.2775e-09,2.2807e-08,1.3854
0.0585,0.2721,0.0461,0.0000e+00,2.3196e-08,6.4965e-10,0.0280
0.0585,0.2587,0.0961,0.0000e+00,8.1852e-09,-2.1713e-08,-1.2103
0.0585,0.2529,0.1104,0.0000e+00,4.7645e-09,2.2710e-08,1.3640
0.0585,0.2464,0.1244,0.0000e+00,-2.1527e-08,-8.6633e-09,3.5242
0.0585,0.2390,0.1380,0.0000e+00,-1.9144e-08,1.3114e-08,2.5410
0.0585,0.2309,0.1512,0.0000e+00,4.9551e-09,2.2670e-08,1.3556
0.0585,0.2221,0.1638,0.0000e+00,1.6467e-08,1.6349e-08,0.7818
0.0585,0.2126,0.1760,0.0000e+00,1.0931e-08,-2.0469e-08,-1.0803
0.0585,0.1760,0.2126,0.0000e+00,-2.2367e-08,6.1781e-09,2.8721
0.0585,0.1638,0.2221,0.0000e+00,-2.3023e-08,2.9021e-09,3.0162
0.0585,0.1512,0.2309,0.0000e+00,-2.2747e-08,4.5849e-09,2.9427
0.0585,0.1380,0.2390,0.0000e+00,5.4210e-09,2.2563e-08,1.3350
0.0585,0.1244,0.2464,0.0000e+00,2.2839e-08,-4.1041e-09,-0.1778
0.0585,0.1104,0.2529,0.0000e+00,-2.8793e-09,2.3025e-08,1.6952
0.0585,0.0961,0.2587,0.0000e+00,-1.4235e-08,1.8326e-08,2.2312
0.0585,0.0461,0.2721,0.0000e+00,-1.9207e-08,1.3022e-08,2.5458
0.0585,0.0308,0.2743,0.0000e+00,-1.4315e-08,1.8263e-08,2.2356
0.0585,0.0154,0.2756,0.0000e+00,-3.8991e-10,2.3202e-08,1.5876
0.0585,0.0000,0.2760,0.0000e+00,2.2660e-08,-5.0005e-09,-0.2172
0.0585,-0.0154,0.2756,0.0000e+00,2.2159e-08,6.8863e-09,0.3013
0.0585,-0.0308,0.2743,0.0000e+00,7.2024e-09,2.2059e-08,1.2552
0.0585,-0.0461,0.2721,0.0000e+00,-1.0441e-08,2.0723e-08,2.0375
0.0585,-0.0961,0.2587,0.0000e+00,5.0503e-09,2.2649e-08,1.3514
0.0585,-0.1104,0.2529,0.0000e+00,1.7935e-08,1.4724e-08,0.6874
0.0585,-0.1244,0.2464,0.0000e+00,-2.9783e-09,2.3013e-08,1.6995
0.0585,-0.1380,0.2390,0.0000e+00,2.3202e-08,-3.5734e-10,-0.0154
0.0585,-0.1512,0.2309,0.0000e+00,2.0698e-08,-1.0491e-08,-0.4691
0.0585,-0.1638,0.2221,0.0000e+00,1.9772e-08,1.2147e-08,0.5509
0.0585,-0.1760,0.2126,0.0000e+00,8.9828e-09,2.1396e-08,1.1733
0.0585,-0.2126,0.1760,0.0000e+00,-1.8345e-08,1.4211e-08,2.4825
0.0585,-0.2221,0.1638,0.0000e+00,2.3205e-08,1.3923e-11,0.0006
0.0585,-0.2309,0.1512,0.0000e+00,1.8798e-08,-1.3605e-08,-0.6265
0.0585,-0.2390,0.1380,0.0000e+00,1.7083e-08,-1.5705e-08,-0.7434
0.0585,-0.2464,0.1244,0.0000e+00,2.1710e-09,2.3103e-08,1.4771
0.0585,-0.2529,0.1104,0.0000e+00,-7.4865e-09,2.1964e-08,1.8993
0.0585,-0.2587,0.0961,0.0000e+00,-1.2232e-08,1.9719e-08,2.1260
0.0585,-0.2721,0.0461,0.0000e+00,2.3182e-08,1.0276e-09,0.0443
0.0585,-0.2743,0.0308,0.0000e+00,1.7316e-08,-1.5447e-08,-0.7284
0.0585,-0.2756,0.0154,0.0000e+00,1.9244e-08,1.2966e-08,0.5929
0.0585,-0.2760,0.0000,0.0000e+00,-2.3078e-08,2.4249e-09,3.0369
0.0585,-0.2756,-0.0154,0.0000e+00,-2.3034e-08,2.8077e-09,3.0203
0.0585,-0.2743,-0.0308,0.0000e+00,-3.0427e-09,2.3004e-08,1.7023
0.0585,-0.2721,-0.0461,0.0000e+00,2.3205e-08,0.0000e+00,0.0000
0.0585,-0.2587,-0.0961,0.0000e+00,1.2899e-08,-1.9290e-08,-0.9814
0.0585,-0.2529,-0.1104,0.0000e+00,1.1759e-09,2.3175e-08,1.5201
0.0585,-0.2464,-0.1244,0.0000e+00,-2.3140e-08,-1.7389e-09,3.2166
0.0585,-0.2390,-0.1380,0.0000e+00,-2.2654e-08,5.0253e-09,2.9233
0.0585,-0.2309,-0.1512,0.0000e+00,2.8193e-09,2.3033e-08,1.4490
0.0585,-0.2221,-0.1638,0.0000e+00,1.4708e-08,1.7948e-08,0.8843
0.0585,-0.2126,-0.1760,0.0000e+00,1.8497e-08,-1.4012e-08,-0.6483
0.0585,-0.1760,-0.2126,0.0000e+00,-2.2723e-08,4.7054e-09,2.9374
0.0585,-0.1638,-0.2221,0.0000e+00,-2.3135e-08,1.8033e-09,3.0638
0.0585,-0.1512,-0.2309,0.0000e+00,-2.2941e-08,3.4905e-09,2.9906
0.0585,-0.1380,-0.2390,0.0000e+00,7.1649e-09,2.2071e-08,1.2569
0.0585,-0.1244,-0.2464,0.0000e+00,2.2946e-08,-3.4585e-09,-0.1496
0.0585,-0.1104,-0.2529,0.0000e+00,-7.3942e-09,2.1995e-08,1.8951
0.0585,-0.0961,-0.2587,0.0000e+00,-1.5207e-08,1.7528e-08,2.2854
0.0585,-0.0461,-0.2721,0.0000e+00,-1.8536e-08,1.3960e-08,2.4961
0.0585,-0.0308,-0.2743,0.0000e+00,-1.5117e-08,1.7605e-08,2.2803
0.0585,-0.0154,-0.2756,0.0000e+00,-4.9190e-09,2.2677e-08,1.7844
0.0585,-0.0000,-0.2760,0.0000e+00,2.3205e-08,-6.9614e-12,-0.0003
0.0585,0.0154,-0.2756,0.0000e+00,2.3205e-08,-5.5691e-11,-0.0024
0.0585,0.0308,-0.2743,0.0000e+00,-2.4183e-09,2.3078e-08,1.6752
0.0585,0.0461,-0.2721,0.0000e+00,1.1272e-09,2.3177e-08,1.5222
0.0585,0.0961,-0.2587,0.0000e+00,1.0532e-08,2.0677e-08,1.0997
0.0585,0.1104,-0.2529,0.0000e+00,-7.4250e-09,2.1985e-08,1.8965
0.0585,0.1244,-0.2464,0.0000e+00,2.1359e-08,-9.0684e-09,-0.4015
0.0585,0.1380,-0.2390,0.0000e+00,1.1289e-08,2.0273e-08,1.0627
0.0585,0.1512,-0.2309,0.0000e+00,2.1652e-08,-8.3458e-09,-0.3679
0.0585,0.1638,-0.2221,0.0000e+00,7.9023e-09,2.1818e-08,1.2233
0.0585,0.1760,-0.2126,0.0000e+00,2.1131e-08,9.5890e-09,0.4260
0.0585,0.2126,-0.1760,0.0000e+00,-1.6957e-08,1.5841e-08,2.3902
0.0585,0.2221,-0.1638,0.0000e+00,2.3200e-08,4.6406e-10,0.0200
0.0585,0.2309,-0.1512,0.0000e+00,1.7616e-08,-1.5105e-08,-0.7088
0.0585,0.2390,-0.1380,0.0000e+00,9.1089e-09,-2.1342e-08,-1.1674
0.0585,0.2464,-0.1244,0.0000e+00,6.6131e-09,2.2242e-08,1.2818
0.0585,0.2529,-0.1104,0.0000e+00,-5.3196e-09,2.2587e-08,1.8021
0.0585,0.2587,-0.0961,0.0000e+00,-6.7155e-09,2.2212e-08,1.8644
0.1755,0.2721,-0.0461,0.0000e+00,1.7318e-08,-1.5445e-08,-0.7283
0.1755,0.2743,-0.0308,0.0000e+00,1.9997e-08,-1.1773e-08,-0.5321
0.1755,0.2756,-0.0154,0.0000e+00,2.2461e-08,-5.8286e-09,-0.2539
0.1755,0.2760,0.0000,0.0000e+00,2.1711e-08,8.1918e-09,0.3608
0.1755,0.2756,0.0154,0.0000e+00,-8.5317e-09,2.1579e-08,1.9473
0.1755,0.2743,0.0308,0.0000e+00,-1.9234e-08,-1.2982e-08,3.7353
0.1755,0.2721,0.0461,0.0000e+00,-1.8972e-08,-1.3362e-08,3.7552
0.1755,0.2587,0.0961,0.0000e+00,2.2336e-08,-6.2900e-09,-0.2745
0.1755,0.2529,0.1104,0.0000e+00,1.3494e-08,-1.8878e-08,-0.9502
0.1755,0.2464,0.1244,0.0000e+00,2.2799e-08,-4.3232e-09,-0.1874
0.1755,0.2390,0.1380,0.0000e+00,2.2418e-08,5.9924e-09,0.2612
0.1755,0.2309,0.1512,0.0000e+00,-1.9837e-08,1.2040e-08,2.5961
0.1755,0.2221,0.1638,0.0000e+00,5.0121e-09,-2.2657e-08,4.9301
0.1755,0.2126,0.1760,0.0000e+00,8.4779e-09,-2.1601e-08,5.0864
0.1755,0.1760,0.2126,0.0000e+00,2.3102e-08,2.1780e-09,0.0940
0.1755,0.1638,0.2221,0.0000e+00,2.2635e-08,-5.1093e-09,-0.2220
0.1755,0.1512,0.2309,0.0000e+00,2.2116e-08,-7.0236e-09,-0.3075
0.1755,0.1380,0.2390,0.0000e+00,2.3028e-08,-2.8562e-09,-0.1234
0.1755,0.1244,0.2464,0.0000e+00,1.5590e-08,1.7188e-08,0.8341
0.1755,0.1104,0.2529,0.0000e+00,1.1595e-08,-2.0100e-08,5.2356
0.1755,0.0961,0.2587,0.0000e+00,1.3971e-08,-1.8527e-08,5.3585
0.1755,0.0461,0.2721,0.0000e+00,2.3169e-08,-1.2849e-09,-0.0554
0.1755,0.0308,0.2743,0.0000e+00,2.3039e-08,-2.7664e-09,-0.1195
0.1755,0.0154,0.2756,0.0000e+00,2.3111e-08,-2.0787e-09,-0.0897
0.1755,0.0000,0.2760,0.0000e+00,2.3176e-08,-1.1644e-09,-0.0502
0.1755,-0.0154,0.2756,0.0000e+00,2.2400e-08,6.0574e-09,0.2641
0.1755,-0.0308,0.2743,0.0000e+00,6.2386e-09,2.2350e-08,1.2986
0.1755,-0.0461,0.2721,0.0000e+00,-1.9252e-08,-1.2955e-08,3.7339
0.1755,-0.0961,0.2587,0.0000e+00,2.1786e-08,7.9896e-09,0.3515
0.1755,-0.1104,0.2529,0.0000e+00,2.2534e-08,5.5384e-09,0.2410
0.1755,-0.1244,0.2464,0.0000e+00,2.3203e-08,3.0165e-10,0.0130
0.1755,-0.1380,0.2390,0.0000e+00,2.3017e-08,2.9483e-09,0.1274
0.1755,-0.1512,0.2309,0.0000e+00,2.1213e-08,9.4069e-09,0.4174
0.1755,-0.1638,0.2221,0.0000e+00,-1.9131e-08,1.3133e-08,2.5400
0.1755,-0.1760,0.2126,0.0000e+00,-2.3176e-08,1.1480e-09,3.0921
0.1755,-0.2126,0.1760,0.0000e+00,2.3198e-08,-5.4294e-10,-0.0234
0.1755,-0.2221,0.1638,0.0000e+00,2.3205e-08,-0.0000e+00,-0.0000
0.1755,-0.2309,0.1512,0.0000e+00,2.3205e-08,-2.3205e-12,-0.0001
0.1755,-0.2390,0.1380,0.0000e+00,2.2357e-08,6.2163e-09,0.2712
0.1755,-0.2464,0.1244,0.0000e+00,-2.2517e-10,2.3204e-08,1.5805
0.1755,-0.2529,0.1104,0.0000e+00,-2.3202e-08,-3.5751e-10,3.1570
0.1755,-0.2587,0.0961,0.0000e+00,-2.1744e-08,-8.1029e-09,3.4983
0.1755,-0.2721,0.0461,0.0000e+00,1.7523e-08,-1.5212e-08,-0.7149
0.1755,-0.2743,0.0308,0.0000e+00,1.9132e-08,-1.3131e-08,-0.6015
0.1755,-0.2756,0.0154,0.0000e+00,2.1895e-08,-7.6860e-09,-0.3376
0.1755,-0.2760,0.0000,0.0000e+00,1.7084e-08,1.5703e-08,0.7433
0.1755,-0.2756,-0.0154,0.0000e+00,-7.0789e-09,2.2099e-08,1.8808
0.1755,-0.2743,-0.0308,0.0000e+00,-1.7647e-08,-1.5068e-08,3.8483
0.1755,-0.2721,-0.0461,0.0000e+00,-1.9467e-08,-1.2629e-08,3.7171
0.1755,-0.2587,-0.0961,0.0000e+00,2.0975e-08,-9.9258e-09,-0.4420
0.1755,-0.2529,-0.1104,0.0000e+00,1.9225e-08,-1.2995e-08,-0.5944
0.1755,-0.2464,-0.1244,0.0000e+00,2.3194e-08,-7.1228e-10,-0.0307
0.1755,-0.2390,-0.1380,0.0000e+00,2.1784e-08,7.9939e-09,0.3517
0.1755,-0.2309,-0.1512,0.0000e+00,-2.2640e-08,5.0864e-09,2.9206
0.1755,-0.2221,-0.1638,0.0000e+00,2.0558e-09,-2.3114e-08,4.8011
0.1755,-0.2126,-0.1760,0.0000e+00,1.1817e-08,-1.9970e-08,5.2467
0.1755,-0.1760,-0.2126,0.0000e+00,2.3114e-08,2.0533e-09,0.0886
0.1755,-0.1638,-0.2221,0.0000e+00,2.2530e-08,-5.5564e-09,-0.2418
0.1755,-0.1512,-0.2309,0.0000e+00,2.2017e-08,-7.3281e-09,-0.3213
0.1755,-0.1380,-0.2390,0.0000e+00,2.2834e-08,-4.1338e-09,-0.1791
0.1755,-0.1244,-0.2464,0.0000e+00,9.5973e-09,2.1127e-08,1.1444
0.1755,-0.1104,-0.2529,0.0000e+00,1.3426e-08,-1.8926e-08,5.3294
0.1755,-0.0961,-0.2587,0.0000e+00,1.4001e-08,-1.8505e-08,5.3601
0.1755,-0.0461,-0.2721,0.0000e+00,2.3201e-08,-4.3622e-10,-0.0188
0.1755,-0.0308,-0.2743,0.0000e+00,2.3142e-08,-1.7040e-09,-0.0735
0.1755,-0.0154,-0.2756,0.0000e+00,2.3193e-08,-7.4243e-10,-0.0320
0.1755,-0.0000,-0.2760,0.0000e+00,2.3204e-08,-1.2298e-10,-0.0053
0.1755,0.0154,-0.2756,0.0000e+00,1.8606e-08,1.3867e-08,0.6405
0.1755,0.0308,-0.2743,0.0000e+00,9.6311e-09,2.1112e-08,1.1428
0.1755,0.0461,-0.2721,0.0000e+00,-1.3858e-08,-1.8613e-08,4.0724
0.1755,0.0961,-0.2587,0.0000e+00,2.0866e-08,1.0152e-08,0.4528
0.1755,0.1104,-0.2529,0.0000e+00,2.2087e-08,7.1164e-09,0.3117
0.1755,0.1244,-0.2464,0.0000e+00,2.3205e-08,4.6410e-12,0.0002
0.1755,0.1380,-0.2390,0.0000e+00,2.2534e-08,5.5406e-09,0.2411
0.1755,0.1512,-0.2309,0.0000e+00,2.1977e-08,7.4491e-09,0.3268
0.1755,0.1638,-0.2221,0.0000e+00,-1.5742e-08,1.7048e-08,2.3164
0.1755,0.1760,-0.2126,0.0000e+00,-2.2510e-08,-5.6376e-09,3.3870
0.1755,0.2126,-0.1760,0.0000e+00,2.3194e-08,-7.1228e-10,-0.0307
0.1755,0.2221,-0.1638,0.0000e+00,2.3205e-08,-4.6410e-12,-0.0002
0.1755,0.2309,-0.1512,0.0000e+00,2.3205e-08,-0.0000e+00,-0.0000
0.1755,0.2390,-0.1380,0.0000e+00,2.2747e-08,4.5873e-09,0.1990
0.1755,0.2464,-0.1244,0.0000e+00,-3.6764e-09,2.2912e-08,1.7299
0.1755,0.2529,-0.1104,0.0000e+00,-2.2963e-08,-3.3439e-09,3.2862
0.1755,0.2587,-0.0961,0.0000e+00,-2.2938e-08,-3.5114e-09,3.2935
