x[m],y[m],z[m],dirx[m^2A],diry[m^2A],dirz[m^2A],rotation_xy[rad]
-0.1755,0.2721,-0.0461,0.0000e+00,-8.6796e-10,2.3189e-08,1.6082
-0.1755,0.2743,-0.0308,0.0000e+00,-2.3197e-08,-6.0961e-10,3.1679
-0.1755,0.2756,-0.0154,0.0000e+00,-2.2781e-08,4.4122e-09,2.9503
-0.1755,0.2760,0.0000,0.0000e+00,-3.0663e-10,2.3203e-08,1.5840
-0.1755,0.2756,0.0154,0.0000e+00,1.6166e-08,1.6647e-08,0.8001
-0.1755,0.2743,0.0308,0.0000e+00,1.7630e-08,-1.5088e-08,-0.7078
-0.1755,0.2721,0.0461,0.0000e+00,-6.5294e-10,2.3196e-08,1.5989
-0.1755,0.2587,0.0961,0.0000e+00,-1.3206e-08,-1.9080e-08,4.1070
-0.1755,0.2529,0.1104,0.0000e+00,1.0945e-08,2.0461e-08,1.0796
-0.1755,0.2464,0.1244,0.0000e+00,-3.7790e-09,2.2895e-08,1.7344
-0.1755,0.2390,0.1380,0.0000e+00,-2.2870e-08,-3.9247e-09,3.3115
-0.1755,0.2309,0.1512,0.0000e+00,-2.3051e-08,-2.6706e-09,3.2569
-0.1755,0.2221,0.1638,0.0000e+00,5.6062e-09,2.2517e-08,1.3268
-0.1755,0.2126,0.1760,0.0000e+00,1.9392e-08,-1.2744e-08,-0.5814
-0.1755,0.1760,0.2126,0.0000e+00,1.7741e-08,1.4957e-08,0.7004
-0.1755,0.1638,0.2221,0.0000e+00,-1.8964e-08,-1.3373e-08,3.7558
-0.1755,0.1512,0.2309,0.0000e+00,-1.4836e-08,-1.7842e-08,4.0187
-0.1755,0.1380,0.2390,0.0000e+00,-2.2808e-08,-4.2716e-09,3.3267
-0.1755,0.1244,0.2464,0.0000e+00,4.6720e-09,2.2730e-08,1.3681
-0.1755,0.1104,0.2529,0.0000e+00,-1.8852e-08,-1.3530e-08,3.7641
-0.1755,0.0961,0.2587,0.0000e+00,1.1922e-08,-1.9908e-08,5.2520
-0.1755,0.0461,0.2721,0.0000e+00,1.8757e-08,-1.3662e-08,5.6537
-0.1755,0.0308,0.2743,0.0000e+00,-4.5881e-09,-2.2747e-08,4.5134
-0.1755,0.0154,0.2756,0.0000e+00,-2.2760e-08,4.5209e-09,2.9455
-0.1755,0.0000,0.2760,0.0000e+00,-2.1134e-08,-9.5810e-09,3.5672
-0.1755,-0.0154,0.2756,0.0000e+00,-1.3624e-08,-1.8784e-08,4.0849
-0.1755,-0.0308,0.2743,0.0000e+00,-8.8445e-09,-2.1453e-08,4.3213
-0.1755,-0.0461,0.2721,0.0000e+00,-5.6126e-09,-2.2516e-08,4.4681
-0.1755,-0.0961,0.2587,0.0000e+00,-6.2904e-09,-2.2336e-08,4.4379
-0.1755,-0.1104,0.2529,0.0000e+00,-2.2747e-08,-4.5880e-09,3.3406
-0.1755,-0.1244,0.2464,0.0000e+00,-2.2057e-08,-7.2068e-09,3.4574
-0.1755,-0.1380,0.2390,0.0000e+00,-2.3139e-08,1.7452e-09,3.0663
-0.1755,-0.1512,0.2309,0.0000e+00,-2.0847e-08,1.0192e-08,2.6869
-0.1755,-0.1638,0.2221,0.0000e+00,1.9009e-08,1.3309e-08,0.6108
-0.1755,-0.1760,0.2126,0.0000e+00,-1.3245e-09,-2.3167e-08,-1.6279
-0.1755,-0.2126,0.1760,0.0000e+00,1.2413e-08,1.9606e-08,1.0064
-0.1755,-0.2221,0.1638,0.0000e+00,-1.9988e-08,1.1787e-08,2.6088
-0.1755,-0.2309,0.1512,0.0000e+00,-1.4889e-08,1.7798e-08,2.2674
-0.1755,-0.2390,0.1380,0.0000e+00,7.0334e-09,2.2113e-08,1.2629
-0.1755,-0.2464,0.1244,0.0000e+00,2.2931e-08,3.5571e-09,0.1539
-0.1755,-0.2529,0.1104,0.0000e+00,1.9708e-08,-1.2250e-08,-0.5561
-0.1755,-0.2587,0.0961,0.0000e+00,9.3217e-09,-2.1250e-08,-1.1574
-0.1755,-0.2721,0.0461,0.0000e+00,-9.3417e-10,2.3186e-08,1.6111
-0.1755,-0.2743,0.0308,0.0000e+00,-2.3198e-08,-5.6272e-10,3.1658
-0.1755,-0.2756,0.0154,0.0000e+00,-2.2825e-08,4.1831e-09,2.9603
-0.1755,-0.2760,0.0000,0.0000e+00,-3.6797e-10,2.3202e-08,1.5867
-0.1755,-0.2756,-0.0154,0.0000e+00,1.6540e-08,1.6275e-08,0.7773
-0.1755,-0.2743,-0.0308,0.0000e+00,1.7461e-08,-1.5283e-08,-0.7190
-0.1755,-0.2721,-0.0461,0.0000e+00,-5.3307e-10,2.3199e-08,1.5938
-0.1755,-0.2587,-0.0961,0.0000e+00,-1.3220e-08,-1.9071e-08,4.1063
-0.1755,-0.2529,-0.1104,0.0000e+00,1.1281e-08,2.0278e-08,1.0631
-0.1755,-0.2464,-0.1244,0.0000e+00,-5.1769e-09,2.2620e-08,1.7958
-0.1755,-0.2390,-0.1380,0.0000e+00,-2.2742e-08,-4.6104e-09,3.3416
-0.1755,-0.2309,-0.1512,0.0000e+00,-2.3186e-08,-9.3789e-10,3.1820
-0.1755,-0.2221,-0.1638,0.0000e+00,7.4019e-09,2.1993e-08,1.2461
-0.1755,-0.2126,-0.1760,0.0000e+00,1.9185e-08,-1.3054e-08,-0.5975
-0.1755,-0.1760,-0.2126,0.0000e+00,1.7384e-08,1.5371e-08,0.7240
-0.1755,-0.1638,-0.2221,0.0000e+00,-1.8114e-08,-1.4504e-08,3.8168
-0.1755,-0.1512,-0.2309,0.0000e+00,-1.4731e-08,-1.7930e-08,4.0246
-0.1755,-0.1380,-0.2390,0.0000e+00,-2.2820e-08,-4.2071e-09,3.3239
-0.1755,-0.1244,-0.2464,0.0000e+00,4.9731e-09,2.2666e-08,1.3548
-0.1755,-0.1104,-0.2529,0.0000e+00,-1.8319e-08,-1.4244e-08,3.8025
-0.1755,-0.0961,-0.2587,0.0000e+00,1.1913e-08,-1.9913e-08,5.2515
-0.1755,-0.0461,-0.2721,0.0000e+00,1.8783e-08,-1.3626e-08,5.6556
-0.1755,-0.0308,-0.2743,0.0000e+00,-3.6498e-09,-2.2916e-08,4.5544
-0.1755,-0.0154,-0.2756,0.0000e+00,-2.3020e-08,2.9208e-09,3.0154
-0.1755,-0.0000,-0.2760,0.0000e+00,-2.0946e-08,-9.9862e-09,3.5865
-0.1755,0.0154,-0.2756,0.0000e+00,-1.3667e-08,-1.8753e-08,4.0826
-0.1755,0.0308,-0.2743,0.0000e+00,-8.9502e-09,-2.1409e-08,4.3164
-0.1755,0.0461,-0.2721,0.0000e+00,-5.7458e-09,-2.2482e-08,4.4622
-0.1755,0.0961,-0.2587,0.0000e+00,-6.6023e-09,-2.2246e-08,4.4239
-0.1755,0.1104,-0.2529,0.0000e+00,-2.2465e-08,-5.8112e-09,3.3947
-0.1755,0.1244,-0.2464,0.0000e+00,-2.1813e-08,-7.9152e-09,3.4897
-0.1755,0.1380,-0.2390,0.0000e+00,-2.3172e-08,1.2381e-09,3.0882
-0.1755,0.1512,-0.2309,0.0000e+00,-2.1036e-08,9.7945e-09,2.7058
-0.1755,0.1638,-0.2221,0.0000e+00,1.7349e-08,1.5410e-08,0.7263
-0.1755,0.1760,-0.2126,0.0000e+00,-9.2263e-10,-2.3186e-08,-1.6106
-0.1755,0.2126,-0.1760,0.0000e+00,1.3150e-08,1.9119e-08,0.9683
-0.1755,0.2221,-0.1638,0.0000e+00,-1.9872e-08,1.1981e-08,2.5990
-0.1755,0.2309,-0.1512,0.0000e+00,-1.4679e-08,1.7972e-08,2.2557
-0.1755,0.2390,-0.1380,0.0000e+00,6.8886e-09,2.2159e-08,1.2694
-0.1755,0.2464,-0.1244,0.0000e+00,2.2914e-08,3.6635e-09,0.1585
-0.1755,0.2529,-0.1104,0.0000e+00,1.9693e-08,-1.2274e-08,-0.5574
-0.1755,0.2587,-0.0961,0.0000e+00,9.1991e-09,-2.1303e-08,-1.1632
-0.0585,0.2721,-0.0461,0.0000e+00,-1.6358e-08,1.6459e-08,2.3531
-0.0585,0.2743,-0.0308,0.0000e+00,-6.6814e-09,2.2222e-08,1.8629
-0.0585,0.2756,-0.0154,0.0000e+00,8.1801e-09,2.1715e-08,1.2105
-0.0585,0.2760,0.0000,0.0000e+00,2.3157e-08,-1.4890e-09,-0.0642
-0.0585,0.2756,0.0154,0.0000e+00,2.1470e-08,-8.8044e-09,-0.3892
-0.0585,0.2743,0.0308,0.0000e+00,7.5748e-09,2.1934e-08,1.2383
-0.0585,0.2721,0.0461,0.0000e+00,-2.3199e-08,-5.2257e-10,3.1641
-0.0585,0.2587,0.0961,0.0000e+00,-1.7781e-08,-1.4909e-08,3.8394
-0.0585,0.2529,0.1104,0.0000e+00,-2.2929e-08,-3.5652e-09,3.2958
-0.0585,0.2464,0.1244,0.0000e+00,4.8215e-09,2.2698e-08,1.3615
-0.0585,0.2390,0.1380,0.0000e+00,-5.9331e-09,2.2433e-08,1.8294
-0.0585,0.2309,0.1512,0.0000e+00,-1.1426e-08,2.0197e-08,2.0856
-0.0585,0.2221,0.1638,0.0000e+00,-1.3029e-08,1.9202e-08,2.1669
-0.0585,0.2126,0.1760,0.0000e+00,1.7631e-08,1.5087e-08,0.7078
-0.0585,0.1760,0.2126,0.0000e+00,4.6546e-09,-2.2733e-08,4.9143
-0.0585,0.1638,0.2221,0.0000e+00,-4.6517e-09,-2.2734e-08,4.5106
-0.0585,0.1512,0.2309,0.0000e+00,8.6906e-09,2.1516e-08,1.1869
-0.0585,0.1380,0.2390,0.0000e+00,-1.7262e-08,1.5508e-08,2.4097
-0.0585,0.1244,0.2464,0.0000e+00,-2.3205e-08,-4.4484e-11,3.1435
-0.0585,0.1104,0.2529,0.0000e+00,-2.2329e-08,-6.3133e-09,3.4171
-0.0585,0.0961,0.2587,0.0000e+00,-2.3198e-08,-5.5894e-10,3.1657
-0.0585,0.0461,0.2721,0.0000e+00,-5.0558e-09,2.2647e-08,1.7904
-0.0585,0.0308,0.2743,0.0000e+00,-4.7553e-09,2.2712e-08,1.7772
-0.0585,0.0154,0.2756,0.0000e+00,-5.8806e-09,2.2447e-08,1.8270
-0.0585,0.0000,0.2760,0.0000e+00,-5.9909e-09,2.2418e-08,1.8319
-0.0585,-0.0154,0.2756,0.0000e+00,1.6138e-08,-1.6674e-08,-0.8018
-0.0585,-0.0308,0.2743,0.0000e+00,2.1843e-08,-7.8326e-09,-0.3443
-0.0585,-0.0461,0.2721,0.0000e+00,9.7433e-09,-2.1060e-08,-1.1375
-0.0585,-0.0961,0.2587,0.0000e+00,-1.8113e-08,1.4504e-08,2.4664
-0.0585,-0.1104,0.2529,0.0000e+00,-1.9611e-08,1.2405e-08,2.5776
-0.0585,-0.1244,0.2464,0.0000e+00,-1.9421e-08,1.2700e-08,2.5624
-0.0585,-0.1380,0.2390,0.0000e+00,1.7338e-08,1.5422e-08,0.7270
-0.0585,-0.1512,0.2309,0.0000e+00,2.3205e-08,-4.9113e-12,-0.0002
-0.0585,-0.1638,0.2221,0.0000e+00,2.1526e-08,8.6664e-09,0.3828
-0.0585,-0.1760,0.2126,0.0000e+00,1.1823e-08,1.9967e-08,1.0362
-0.0585,-0.2126,0.1760,0.0000e+00,2.2898e-08,-3.7580e-09,-0.1627
-0.0585,-0.2221,0.1638,0.0000e+00,-2.1239e-08,9.3461e-09,2.7271
-0.0585,-0.2309,0.1512,0.0000e+00,7.8308e-09,2.1844e-08,1.2266
-0.0585,-0.2390,0.1380,0.0000e+00,2.2516e-09,-2.3095e-08,-1.4736
-0.0585,-0.2464,0.1244,0.0000e+00,1.9164e-08,-1.3084e-08,-0.5990
-0.0585,-0.2529,0.1104,0.0000e+00,-1.7397e-09,2.3139e-08,1.6458
-0.0585,-0.2587,0.0961,0.0000e+00,-9.9943e-09,2.0942e-08,2.0161
-0.0585,-0.2721,0.0461,0.0000e+00,-1.6012e-08,1.6796e-08,2.3323
-0.0585,-0.2743,0.0308,0.0000e+00,-6.8764e-09,2.2163e-08,1.8717
-0.0585,-0.2756,0.0154,0.0000e+00,8.0771e-09,2.1754e-08,1.2153
-0.0585,-0.2760,0.0000,0.0000e+00,2.3152e-08,-1.5636e-09,-0.0674
-0.0585,-0.2756,-0.0154,0.0000e+00,2.1552e-08,-8.6003e-09,-0.3797
-0.0585,-0.2743,-0.0308,0.0000e+00,7.6304e-09,2.1914e-08,1.2357
-0.0585,-0.2721,-0.0461,0.0000e+00,-2.3202e-08,-3.6291e-10,3.1572
-0.0585,-0.2587,-0.0961,0.0000e+00,-1.7747e-08,-1.4951e-08,3.8417
-0.0585,-0.2529,-0.1104,0.0000e+00,-2.2924e-08,-3.5981e-09,3.2973
-0.0585,-0.2464,-0.1244,0.0000e+00,4.8225e-09,2.2698e-08,1.3614
-0.0585,-0.2390,-0.1380,0.0000e+00,-6.0673e-09,2.2398e-08,1.8353
-0.0585,-0.2309,-0.1512,0.0000e+00,-1.1607e-08,2.0093e-08,2.0946
-0.0585,-0.2221,-0.1638,0.0000e+00,-1.2896e-08,1.9291e-08,2.1601
-0.0585,-0.2126,-0.1760,0.0000e+00,1.7228e-08,1.5545e-08,0.7341
-0.0585,-0.1760,-0.2126,0.0000e+00,4.9410e-09,-2.2673e-08,4.9270
-0.0585,-0.1638,-0.2221,0.0000e+00,-4.6424e-09,-2.2736e-08,4.5110
-0.0585,-0.1512,-0.2309,0.0000e+00,8.4263e-09,2.1621e-08,1.1992
-0.0585,-0.1380,-0.2390,0.0000e+00,-1.7221e-08,1.5553e-08,2.4070
-0.0585,-0.1244,-0.2464,0.0000e+00,-2.3205e-08,-7.7085e-11,3.1449
-0.0585,-0.1104,-0.2529,0.0000e+00,-2.2306e-08,-6.3973e-09,3.4209
-0.0585,-0.0961,-0.2587,0.0000e+00,-2.3195e-08,-6.8288e-10,3.1710
-0.0585,-0.0461,-0.2721,0.0000e+00,-5.4192e-09,2.2563e-08,1.8065
-0.0585,-0.0308,-0.2743,0.0000e+00,-4.7143e-09,2.2721e-08,1.7754
-0.0585,-0.0154,-0.2756,0.0000e+00,-6.1634e-09,2.2371e-08,1.8396
-0.0585,-0.0000,-0.2760,0.0000e+00,-5.5001e-09,2.2544e-08,1.8101
-0.0585,0.0154,-0.2756,0.0000e+00,1.6015e-08,-1.6792e-08,-0.8091
-0.0585,0.0308,-0.2743,0.0000e+00,2.1774e-08,-8.0209e-09,-0.3529
-0.0585,0.0461,-0.2721,0.0000e+00,9.3891e-09,-2.1220e-08,-1.1542
-0.0585,0.0961,-0.2587,0.0000e+00,-1.8183e-08,1.4417e-08,2.4712
-0.0585,0.1104,-0.2529,0.0000e+00,-1.9688e-08,1.2282e-08,2.5838
-0.0585,0.1244,-0.2464,0.0000e+00,-1.9517e-08,1.2552e-08,2.5701
-0.0585,0.1380,-0.2390,0.0000e+00,1.7061e-08,1.5729e-08,0.7448
-0.0585,0.1512,-0.2309,0.0000e+00,2.3205e-08,1.4902e-13,0.0000
-0.0585,0.1638,-0.2221,0.0000e+00,2.1529e-08,8.6572e-09,0.3823
-0.0585,0.1760,-0.2126,0.0000e+00,1.2037e-08,1.9839e-08,1.0254
-0.0585,0.2126,-0.1760,0.0000e+00,2.2718e-08,-4.7260e-09,-0.2051
-0.0585,0.2221,-0.1638,0.0000e+00,-2.1123e-08,9.6055e-09,2.7148
-0.0585,0.2309,-0.1512,0.0000e+00,6.8200e-09,2.2180e-08,1.2725
-0.0585,0.2390,-0.1380,0.0000e+00,2.6871e-09,-2.3049e-08,-1.4547
-0.0585,0.2464,-0.1244,0.0000e+00,1.9005e-08,-1.3315e-08,-0.6111
-0.0585,0.2529,-0.1104,0.0000e+00,-1.0050e-09,2.3183e-08,1.6141
-0.0585,0.2587,-0.0961,0.0000e+00,-1.0422e-08,2.0733e-08,2.0366
0.0585,0.2721,-0.0461,0.0000e+00,-1.7210e-08,1.5565e-08,2.4063
0.0585,0.2743,-0.0308,0.0000e+00,-7.3634e-09,2.2006e-08,1.8937
0.0585,0.2756,-0.0154,0.0000e+00,8.4456e-09,2.1613e-08,1.1983
0.0585,0.2760,0.0000,0.0000e+00,2.3144e-08,-1.6851e-09,-0.0727
0.0585,0.2756,0.0154,0.0000e+00,2.1675e-08,-8.2864e-09,-0.3652
0.0585,0.2743,0.0308,0.0000e+00,7.1119e-09,2.2088e-08,1.2593
0.0585,0.2721,0.0461,0.0000e+00,-2.3201e-08,-4.2085e-10,3.1597
0.0585,0.2587,0.0961,0.0000e+00,-1.7689e-08,-1.5019e-08,3.8455
0.0585,0.2529,0.1104,0.0000e+00,-2.3006e-08,-3.0305e-09,3.2726
0.0585,0.2464,0.1244,0.0000e+00,6.1214e-09,2.2383e-08,1.3038
0.0585,0.2390,0.1380,0.0000e+00,-5.3510e-09,2.2579e-08,1.8035
0.0585,0.2309,0.1512,0.0000e+00,-1.1340e-08,2.0245e-08,2.0814
0.0585,0.2221,0.1638,0.0000e+00,-1.3303e-08,1.9013e-08,2.1813
0.0585,0.2126,0.1760,0.0000e+00,1.9827e-08,1.2057e-08,0.5464
0.0585,0.1760,0.2126,0.0000e+00,3.6678e-09,-2.2913e-08,4.8711
0.0585,0.1638,0.2221,0.0000e+00,-4.2622e-09,-2.2810e-08,4.5277
0.0585,0.1512,0.2309,0.0000e+00,1.0109e-08,2.0887e-08,1.1201
0.0585,0.1380,0.2390,0.0000e+00,-1.7525e-08,1.5210e-08,2.4268
0.0585,0.1244,0.2464,0.0000e+00,-2.3205e-08,2.9727e-11,3.1403
0.0585,0.1104,0.2529,0.0000e+00,-2.2369e-08,-6.1729e-09,3.4109
0.0585,0.0961,0.2587,0.0000e+00,-2.3173e-08,-1.2158e-09,3.1940
0.0585,0.0461,0.2721,0.0000e+00,-4.9584e-09,2.2669e-08,1.7861
0.0585,0.0308,0.2743,0.0000e+00,-5.1450e-09,2.2627e-08,1.7944
0.0585,0.0154,0.2756,0.0000e+00,-6.5221e-09,2.2269e-08,1.8557
0.0585,0.0000,0.2760,0.0000e+00,-5.7855e-09,2.2472e-08,1.8228
0.0585,-0.0154,0.2756,0.0000e+00,1.6093e-08,-1.6718e-08,-0.8044
0.0585,-0.0308,0.2743,0.0000e+00,2.2010e-08,-7.3499e-09,-0.3223
0.0585,-0.0461,0.2721,0.0000e+00,8.9839e-09,-2.1395e-08,-1.1732
0.0585,-0.0961,0.2587,0.0000e+00,-1.8158e-08,1.4448e-08,2.4695
0.0585,-0.1104,0.2529,0.0000e+00,-1.9749e-08,1.2184e-08,2.5888
0.0585,-0.1244,0.2464,0.0000e+00,-1.9690e-08,1.2279e-08,2.5840
0.0585,-0.1380,0.2390,0.0000e+00,1.6844e-08,1.5960e-08,0.7585
0.0585,-0.1512,0.2309,0.0000e+00,2.3205e-08,-8.4830e-13,-0.0000
0.0585,-0.1638,0.2221,0.0000e+00,2.1653e-08,8.3421e-09,0.3677
0.0585,-0.1760,0.2126,0.0000e+00,1.1514e-08,2.0147e-08,1.0516
0.0585,-0.2126,0.1760,0.0000e+00,2.2863e-08,-3.9683e-09,-0.1719
0.0585,-0.2221,0.1638,0.0000e+00,-2.1229e-08,9.3703e-09,2.7259
0.0585,-0.2309,0.1512,0.0000e+00,9.7664e-09,2.1049e-08,1.1364
0.0585,-0.2390,0.1380,0.0000e+00,2.6070e-09,-2.3058e-08,-1.4582
0.0585,-0.2464,0.1244,0.0000e+00,1.5932e-08,-1.6871e-08,-0.8140
0.0585,-0.2529,0.1104,0.0000e+00,-1.7146e-09,2.3141e-08,1.6448
0.0585,-0.2587,0.0961,0.0000e+00,-1.0243e-08,2.0822e-08,2.0280
0.0585,-0.2721,0.0461,0.0000e+00,-1.7055e-08,1.5735e-08,2.3964
0.0585,-0.2743,0.0308,0.0000e+00,-7.3304e-09,2.2017e-08,1.8922
0.0585,-0.2756,0.0154,0.0000e+00,8.5138e-09,2.1587e-08,1.1951
0.0585,-0.2760,0.0000,0.0000e+00,2.3108e-08,-2.1157e-09,-0.0913
0.0585,-0.2756,-0.0154,0.0000e+00,2.1709e-08,-8.1955e-09,-0.3610
0.0585,-0.2743,-0.0308,0.0000e+00,6.8151e-09,2.2181e-08,1.2727
0.0585,-0.2721,-0.0461,0.0000e+00,-2.3204e-08,-2.1930e-10,3.1510
0.0585,-0.2587,-0.0961,0.0000e+00,-1.7696e-08,-1.5010e-08,3.8451
0.0585,-0.2529,-0.1104,0.0000e+00,-2.3034e-08,-2.8075e-09,3.2629
0.0585,-0.2464,-0.1244,0.0000e+00,6.2688e-09,2.2342e-08,1.2972
0.0585,-0.2390,-0.1380,0.0000e+00,-5.3794e-09,2.2573e-08,1.8047
0.0585,-0.2309,-0.1512,0.0000e+00,-1.1428e-08,2.0196e-08,2.0857
0.0585,-0.2221,-0.1638,0.0000e+00,-1.3208e-08,1.9079e-08,2.1763
0.0585,-0.2126,-0.1760,0.0000e+00,1.9884e-08,1.1961e-08,0.5415
0.0585,-0.1760,-0.2126,0.0000e+00,3.7208e-09,-2.2905e-08,4.8734
0.0585,-0.1638,-0.2221,0.0000e+00,-4.2217e-09,-2.2818e-08,4.5294
0.0585,-0.1512,-0.2309,0.0000e+00,1.0166e-08,2.0859e-08,1.1173
0.0585,-0.1380,-0.2390,0.0000e+00,-1.7550e-08,1.5181e-08,2.4284
0.0585,-0.1244,-0.2464,0.0000e+00,-2.3205e-08,-3.1487e-11,3.1429
0.0585,-0.1104,-0.2529,0.0000e+00,-2.2354e-08,-6.2242e-09,3.4131
0.0585,-0.0961,-0.2587,0.0000e+00,-2.3163e-08,-1.3942e-09,3.2017
0.0585,-0.0461,-0.2721,0.0000e+00,-5.2117e-09,2.2612e-08,1.7973
0.0585,-0.0308,-0.2743,0.0000e+00,-5.1153e-09,2.2634e-08,1.7931
0.0585,-0.0154,-0.2756,0.0000e+00,-6.7031e-09,2.2216e-08,1.8638
0.0585,-0.0000,-0.2760,0.0000e+00,-4.9278e-09,2.2676e-08,1.7848
0.0585,0.0154,-0.2756,0.0000e+00,1.5850e-08,-1.6948e-08,-0.8189
0.0585,0.0308,-0.2743,0.0000e+00,2.1843e-08,-7.8327e-09,-0.3443
0.0585,0.0461,-0.2721,0.0000e+00,8.8167e-09,-2.1465e-08,-1.1811
0.0585,0.0961,-0.2587,0.0000e+00,-1.8228e-08,1.4359e-08,2.4744
0.0585,0.1104,-0.2529,0.0000e+00,-1.9847e-08,1.2024e-08,2.5969
0.0585,0.1244,-0.2464,0.0000e+00,-1.9833e-08,1.2047e-08,2.5957
0.0585,0.1380,-0.2390,0.0000e+00,1.6635e-08,1.6178e-08,0.7715
0.0585,0.1512,-0.2309,0.0000e+00,2.3205e-08,-1.2607e-13,-0.0000
0.0585,0.1638,-0.2221,0.0000e+00,2.1677e-08,8.2807e-09,0.3649
0.0585,0.1760,-0.2126,0.0000e+00,1.1381e-08,2.0222e-08,1.0582
0.0585,0.2126,-0.1760,0.0000e+00,2.2856e-08,-4.0098e-09,-0.1737
0.0585,0.2221,-0.1638,0.0000e+00,-2.1183e-08,9.4722e-09,2.7211
0.0585,0.2309,-0.1512,0.0000e+00,9.7848e-09,2.1041e-08,1.1355
0.0585,0.2390,-0.1380,0.0000e+00,2.7670e-09,-2.3039e-08,-1.4513
0.0585,0.2464,-0.1244,0.0000e+00,1.5659e-08,-1.7125e-08,-0.8301
0.0585,0.2529,-0.1104,0.0000e+00,-1.3697e-09,2.3164e-08,1.6299
0.0585,0.2587,-0.0961,0.0000e+00,-1.0464e-08,2.0711e-08,2.0386
0.1755,0.2721,-0.0461,0.0000e+00,-1.8168e-09,2.3134e-08,1.6492
0.1755,0.2743,-0.0308,0.0000e+00,-2.3188e-08,-8.9205e-10,3.1800
0.1755,0.2756,-0.0154,0.0000e+00,-2.2878e-08,3.8813e-09,2.9735
0.1755,0.2760,0.0000,0.0000e+00,1.9278e-09,2.3125e-08,1.4876
0.1755,0.2756,0.0154,0.0000e+00,2.0016e-08,1.1739e-08,0.5304
0.1755,0.2743,0.0308,0.0000e+00,1.8287e-08,-1.4285e-08,-0.6631
0.1755,0.2721,0.0461,0.0000e+00,-6.8441e-09,2.2173e-08,1.8702
0.1755,0.2587,0.0961,0.0000e+00,-1.4008e-08,-1.8500e-08,4.0643
0.1755,0.2529,0.1104,0.0000e+00,1.5348e-08,1.7404e-08,0.8481
0.1755,0.2464,0.1244,0.0000e+00,-2.7998e-09,2.3035e-08,1.6917
0.1755,0.2390,0.1380,0.0000e+00,-2.2852e-08,-4.0314e-09,3.3162
0.1755,0.2309,0.1512,0.0000e+00,-2.2616e-08,-5.1954e-09,3.3674
0.1755,0.2221,0.1638,0.0000e+00,1.4833e-09,2.3157e-08,1.5068
0.1755,0.2126,0.1760,0.0000e+00,1.9389e-08,-1.2749e-08,-0.5816
0.1755,0.1760,0.2126,0.0000e+00,1.8165e-08,1.4440e-08,0.6716
0.1755,0.1638,0.2221,0.0000e+00,-1.8253e-08,-1.4328e-08,3.8071
0.1755,0.1512,0.2309,0.0000e+00,-1.6678e-08,-1.6134e-08,3.9104
0.1755,0.1380,0.2390,0.0000e+00,-2.3188e-08,8.9088e-10,3.1032
0.1755,0.1244,0.2464,0.0000e+00,7.4121e-09,2.1989e-08,1.2457
0.1755,0.1104,0.2529,0.0000e+00,-1.5414e-08,-1.7345e-08,3.9859
0.1755,0.0961,0.2587,0.0000e+00,1.0771e-08,-2.0554e-08,5.1951
0.1755,0.0461,0.2721,0.0000e+00,1.8313e-08,-1.4251e-08,5.6219
0.1755,0.0308,0.2743,0.0000e+00,-5.0226e-09,-2.2655e-08,4.4942
0.1755,0.0154,0.2756,0.0000e+00,-2.2622e-08,5.1666e-09,2.9171
0.1755,0.0000,0.2760,0.0000e+00,-2.1153e-08,-9.5395e-09,3.5653
0.1755,-0.0154,0.2756,0.0000e+00,-1.3433e-08,-1.8921e-08,4.0950
0.1755,-0.0308,0.2743,0.0000e+00,-8.6522e-09,-2.1531e-08,4.3303
0.1755,-0.0461,0.2721,0.0000e+00,-5.5445e-09,-2.2533e-08,4.4711
0.1755,-0.0961,0.2587,0.0000e+00,-7.3667e-09,-2.2004e-08,4.3893
0.1755,-0.1104,0.2529,0.0000e+00,-2.2585e-08,-5.3252e-09,3.3731
0.1755,-0.1244,0.2464,0.0000e+00,-2.1937e-08,-7.5661e-09,3.4737
0.1755,-0.1380,0.2390,0.0000e+00,-2.3199e-08,5.1577e-10,3.1194
0.1755,-0.1512,0.2309,0.0000e+00,-2.1691e-08,8.2450e-09,2.7783
0.1755,-0.1638,0.2221,0.0000e+00,1.8311e-08,1.4253e-08,0.6614
0.1755,-0.1760,0.2126,0.0000e+00,-3.1192e-09,-2.2994e-08,-1.7056
0.1755,-0.2126,0.1760,0.0000e+00,1.2036e-08,1.9839e-08,1.0255
0.1755,-0.2221,0.1638,0.0000e+00,-2.0868e-08,1.0147e-08,2.6890
0.1755,-0.2309,0.1512,0.0000e+00,-1.5698e-08,1.7089e-08,2.3138
0.1755,-0.2390,0.1380,0.0000e+00,7.3654e-09,2.2005e-08,1.2478
0.1755,-0.2464,0.1244,0.0000e+00,2.2979e-08,3.2278e-09,0.1396
0.1755,-0.2529,0.1104,0.0000e+00,1.9887e-08,-1.1957e-08,-0.5414
0.1755,-0.2587,0.0961,0.0000e+00,9.1293e-09,-2.1334e-08,-1.1664
0.1755,-0.2721,0.0461,0.0000e+00,-2.8924e-09,2.3024e-08,1.6958
0.1755,-0.2743,0.0308,0.0000e+00,-2.3194e-08,-7.1786e-10,3.1725
0.1755,-0.2756,0.0154,0.0000e+00,-2.2791e-08,4.3602e-09,2.9526
0.1755,-0.2760,0.0000,0.0000e+00,3.2438e-09,2.2977e-08,1.4305
0.1755,-0.2756,-0.0154,0.0000e+00,2.1365e-08,9.0548e-09,0.4009
0.1755,-0.2743,-0.0308,0.0000e+00,1.9172e-08,-1.3072e-08,-0.5984
0.1755,-0.2721,-0.0461,0.0000e+00,-9.5961e-09,2.1128e-08,1.9971
0.1755,-0.2587,-0.0961,0.0000e+00,-1.5003e-08,-1.7703e-08,4.0094
0.1755,-0.2529,-0.1104,0.0000e+00,1.7186e-08,1.5591e-08,0.7368
0.1755,-0.2464,-0.1244,0.0000e+00,-3.3335e-09,2.2964e-08,1.7150
0.1755,-0.2390,-0.1380,0.0000e+00,-2.2945e-08,-3.4622e-09,3.2914
0.1755,-0.2309,-0.1512,0.0000e+00,-2.2636e-08,-5.1045e-09,3.3634
0.1755,-0.2221,-0.1638,0.0000e+00,2.2302e-09,2.3097e-08,1.4745
0.1755,-0.2126,-0.1760,0.0000e+00,1.9365e-08,-1.2784e-08,-0.5835
0.1755,-0.1760,-0.2126,0.0000e+00,1.8621e-08,1.3846e-08,0.6394
0.1755,-0.1638,-0.2221,0.0000e+00,-1.7591e-08,-1.5133e-08,3.8520
0.1755,-0.1512,-0.2309,0.0000e+00,-1.6733e-08,-1.6077e-08,3.9070
0.1755,-0.1380,-0.2390,0.0000e+00,-2.3166e-08,1.3427e-09,3.0837
0.1755,-0.1244,-0.2464,0.0000e+00,7.7139e-09,2.1885e-08,1.2319
0.1755,-0.1104,-0.2529,0.0000e+00,-1.4371e-08,-1.8219e-08,4.0445
0.1755,-0.0961,-0.2587,0.0000e+00,1.0528e-08,-2.0679e-08,5.1833
0.1755,-0.0461,-0.2721,0.0000e+00,1.8361e-08,-1.4190e-08,5.6252
0.1755,-0.0308,-0.2743,0.0000e+00,-3.4512e-09,-2.2947e-08,4.5631
0.1755,-0.0154,-0.2756,0.0000e+00,-2.2830e-08,4.1539e-09,2.9616
0.1755,-0.0000,-0.2760,0.0000e+00,-2.1040e-08,-9.7872e-09,3.5770
0.1755,0.0154,-0.2756,0.0000e+00,-1.3391e-08,-1.8951e-08,4.0972
0.1755,0.0308,-0.2743,0.0000e+00,-8.6000e-09,-2.1552e-08,4.3327
0.1755,0.0461,-0.2721,0.0000e+00,-5.4479e-09,-2.2556e-08,4.4754
0.1755,0.0961,-0.2587,0.0000e+00,-6.9792e-09,-2.2130e-08,4.4069
0.1755,0.1104,-0.2529,0.0000e+00,-2.2433e-08,-5.9359e-09,3.4003
0.1755,0.1244,-0.2464,0.0000e+00,-2.1777e-08,-8.0150e-09,3.4943
0.1755,0.1380,-0.2390,0.0000e+00,-2.3204e-08,1.2463e-10,3.1362
0.1755,0.1512,-0.2309,0.0000e+00,-2.1658e-08,8.3295e-09,2.7744
0.1755,0.1638,-0.2221,0.0000e+00,1.6963e-08,1.5834e-08,0.7510
0.1755,0.1760,-0.2126,0.0000e+00,-2.3170e-09,-2.3089e-08,-1.6708
0.1755,0.2126,-0.1760,0.0000e+00,1.2574e-08,1.9503e-08,0.9981
0.1755,0.2221,-0.1638,0.0000e+00,-2.0602e-08,1.0678e-08,2.6634
0.1755,0.2309,-0.1512,0.0000e+00,-1.5397e-08,1.7360e-08,2.2963
0.1755,0.2390,-0.1380,0.0000e+00,7.2745e-09,2.2035e-08,1.2519
0.1755,0.2464,-0.1244,0.0000e+00,2.2921e-08,3.6207e-09,0.1567
0.1755,0.2529,-0.1104,0.0000e+00,1.9927e-08,-1.1891e-08,-0.5380
0.1755,0.2587,-0.0961,0.0000e+00,9.1285e-09,-2.1334e-08,-1.1665
