x[m],y[m],z[m],dirx[m^2A],diry[m^2A],dirz[m^2A],rotation_xy[rad]
-0.1755,0.2721,-0.0461,0.0000e+00,-2.3204e-08,1.2552e-10,3.1362
-0.1755,0.2743,-0.0308,0.0000e+00,-2.3181e-08,1.0455e-09,3.0965
-0.1755,0.2756,-0.0154,0.0000e+00,-1.8328e-08,1.4232e-08,2.4813
-0.1755,0.2760,0.0000,0.0000e+00,2.9350e-10,2.3203e-08,1.5581
-0.1755,0.2756,0.0154,0.0000e+00,3.3166e-09,2.2967e-08,1.4274
-0.1755,0.2743,0.0308,0.0000e+00,1.0457e-09,2.3181e-08,1.5257
-0.1755,0.2721,0.0461,0.0000e+00,-2.2913e-09,2.3091e-08,1.6697
-0.1755,0.2587,0.0961,0.0000e+00,-1.2205e-08,1.9736e-08,2.1247
-0.1755,0.2529,0.1104,0.0000e+00,-1.4201e-08,1.8352e-08,2.2294
-0.1755,0.2464,0.1244,0.0000e+00,-1.6372e-08,1.6444e-08,2.3540
-0.1755,0.2390,0.1380,0.0000e+00,-1.8252e-08,1.4329e-08,2.4760
-0.1755,0.2309,0.1512,0.0000e+00,-1.5541e-08,1.7232e-08,2.3046
-0.1755,0.2221,0.1638,0.0000e+00,4.5262e-10,2.3200e-08,1.5513
-0.1755,0.2126,0.1760,0.0000e+00,2.1317e-08,9.1666e-09,0.4061
-0.1755,0.1760,0.2126,0.0000e+00,-1.9457e-08,1.2645e-08,2.5653
-0.1755,0.1638,0.2221,0.0000e+00,-1.8809e-08,-1.3590e-08,3.7673
-0.1755,0.1512,0.2309,0.0000e+00,-1.7638e-08,-1.5078e-08,3.8489
-0.1755,0.1380,0.2390,0.0000e+00,-2.2329e-08,-6.3135e-09,3.4171
-0.1755,0.1244,0.2464,0.0000e+00,-2.2816e-08,4.2310e-09,2.9582
-0.1755,0.1104,0.2529,0.0000e+00,-2.1994e-08,7.3989e-09,2.8171
-0.1755,0.0961,0.2587,0.0000e+00,-2.2353e-08,6.2311e-09,2.8697
-0.1755,0.0461,0.2721,0.0000e+00,-2.2576e-08,-5.3647e-09,3.3749
-0.1755,0.0308,0.2743,0.0000e+00,-2.1588e-08,-8.5097e-09,3.5171
-0.1755,0.0154,0.2756,0.0000e+00,-2.0892e-08,-1.0098e-08,3.5918
-0.1755,0.0000,0.2760,0.0000e+00,-2.1233e-08,-9.3615e-09,3.5569
-0.1755,-0.0154,0.2756,0.0000e+00,-2.2278e-08,-6.4920e-09,3.4251
-0.1755,-0.0308,0.2743,0.0000e+00,-2.2928e-08,-3.5728e-09,3.2962
-0.1755,-0.0461,0.2721,0.0000e+00,-2.2984e-08,-3.1910e-09,3.2795
-0.1755,-0.0961,0.2587,0.0000e+00,-2.3202e-08,3.7757e-10,3.1253
-0.1755,-0.1104,0.2529,0.0000e+00,-2.2900e-08,3.7457e-09,2.9795
-0.1755,-0.1244,0.2464,0.0000e+00,-2.3042e-08,-2.7440e-09,3.2601
-0.1755,-0.1380,0.2390,0.0000e+00,-2.0000e-08,1.1767e-08,2.6098
-0.1755,-0.1512,0.2309,0.0000e+00,1.0299e-08,2.0794e-08,1.1109
-0.1755,-0.1638,0.2221,0.0000e+00,1.8045e-08,1.4589e-08,0.6799
-0.1755,-0.1760,0.2126,0.0000e+00,2.1441e-08,8.8734e-09,0.3924
-0.1755,-0.2126,0.1760,0.0000e+00,2.0838e-08,1.0210e-08,0.4556
-0.1755,-0.2221,0.1638,0.0000e+00,-2.0932e-08,1.0016e-08,2.6953
-0.1755,-0.2309,0.1512,0.0000e+00,-7.6793e-09,2.1897e-08,1.9081
-0.1755,-0.2390,0.1380,0.0000e+00,1.8827e-08,1.3566e-08,0.6244
-0.1755,-0.2464,0.1244,0.0000e+00,2.2642e-08,5.0786e-09,0.2206
-0.1755,-0.2529,0.1104,0.0000e+00,2.2936e-08,3.5239e-09,0.1524
-0.1755,-0.2587,0.0961,0.0000e+00,2.0570e-08,-1.0740e-08,-0.4812
-0.1755,-0.2721,0.0461,0.0000e+00,-2.3204e-08,1.3159e-10,3.1359
-0.1755,-0.2743,0.0308,0.0000e+00,-2.3183e-08,1.0066e-09,3.0982
-0.1755,-0.2756,0.0154,0.0000e+00,-1.8390e-08,1.4152e-08,2.4857
-0.1755,-0.2760,0.0000,0.0000e+00,2.9850e-10,2.3203e-08,1.5579
-0.1755,-0.2756,-0.0154,0.0000e+00,3.3822e-09,2.2957e-08,1.4245
-0.1755,-0.2743,-0.0308,0.0000e+00,1.0894e-09,2.3179e-08,1.5238
-0.1755,-0.2721,-0.0461,0.0000e+00,-2.2769e-09,2.3093e-08,1.6691
-0.1755,-0.2587,-0.0961,0.0000e+00,-1.2225e-08,1.9723e-08,2.1257
-0.1755,-0.2529,-0.1104,0.0000e+00,-1.4262e-08,1.8305e-08,2.2327
-0.1755,-0.2464,-0.1244,0.0000e+00,-1.6467e-08,1.6349e-08,2.3598
-0.1755,-0.2390,-0.1380,0.0000e+00,-1.8295e-08,1.4274e-08,2.4790
-0.1755,-0.2309,-0.1512,0.0000e+00,-1.5420e-08,1.7340e-08,2.2976
-0.1755,-0.2221,-0.1638,0.0000e+00,3.3568e-10,2.3202e-08,1.5563
-0.1755,-0.2126,-0.1760,0.0000e+00,2.1157e-08,9.5305e-09,0.4232
-0.1755,-0.1760,-0.2126,0.0000e+00,-1.9577e-08,1.2458e-08,2.5748
-0.1755,-0.1638,-0.2221,0.0000e+00,-1.8816e-08,-1.3581e-08,3.7668
-0.1755,-0.1512,-0.2309,0.0000e+00,-1.7677e-08,-1.5032e-08,3.8463
-0.1755,-0.1380,-0.2390,0.0000e+00,-2.2378e-08,-6.1394e-09,3.4094
-0.1755,-0.1244,-0.2464,0.0000e+00,-2.2781e-08,4.4158e-09,2.9501
-0.1755,-0.1104,-0.2529,0.0000e+00,-2.1954e-08,7.5163e-09,2.8117
-0.1755,-0.0961,-0.2587,0.0000e+00,-2.2334e-08,6.2963e-09,2.8668
-0.1755,-0.0461,-0.2721,0.0000e+00,-2.2578e-08,-5.3558e-09,3.3745
-0.1755,-0.0308,-0.2743,0.0000e+00,-2.1587e-08,-8.5129e-09,3.5172
-0.1755,-0.0154,-0.2756,0.0000e+00,-2.0889e-08,-1.0106e-08,3.5922
-0.1755,-0.0000,-0.2760,0.0000e+00,-2.1232e-08,-9.3630e-09,3.5569
-0.1755,0.0154,-0.2756,0.0000e+00,-2.2289e-08,-6.4538e-09,3.4234
-0.1755,0.0308,-0.2743,0.0000e+00,-2.2946e-08,-3.4543e-09,3.2910
-0.1755,0.0461,-0.2721,0.0000e+00,-2.3012e-08,-2.9856e-09,3.2706
-0.1755,0.0961,-0.2587,0.0000e+00,-2.3200e-08,4.6002e-10,3.1218
-0.1755,0.1104,-0.2529,0.0000e+00,-2.2924e-08,3.5969e-09,2.9860
-0.1755,0.1244,-0.2464,0.0000e+00,-2.3009e-08,-3.0047e-09,3.2714
-0.1755,0.1380,-0.2390,0.0000e+00,-1.9802e-08,1.2097e-08,2.5932
-0.1755,0.1512,-0.2309,0.0000e+00,1.0146e-08,2.0869e-08,1.1183
-0.1755,0.1638,-0.2221,0.0000e+00,1.7929e-08,1.4732e-08,0.6878
-0.1755,0.1760,-0.2126,0.0000e+00,2.1481e-08,8.7756e-09,0.3878
-0.1755,0.2126,-0.1760,0.0000e+00,2.0769e-08,1.0350e-08,0.4623
-0.1755,0.2221,-0.1638,0.0000e+00,-2.1053e-08,9.7591e-09,2.7075
-0.1755,0.2309,-0.1512,0.0000e+00,-7.1884e-09,2.2063e-08,1.8858
-0.1755,0.2390,-0.1380,0.0000e+00,1.8856e-08,1.3524e-08,0.6222
-0.1755,0.2464,-0.1244,0.0000e+00,2.2612e-08,5.2106e-09,0.2265
-0.1755,0.2529,-0.1104,0.0000e+00,2.2914e-08,3.6639e-09,0.1586
-0.1755,0.2587,-0.0961,0.0000e+00,2.0315e-08,-1.1214e-08,-0.5044
-0.0585,0.2721,-0.0461,0.0000e+00,-1.8400e-08,1.4138e-08,2.4864
-0.0585,0.2743,-0.0308,0.0000e+00,-1.2222e-08,1.9726e-08,2.1255
-0.0585,0.2756,-0.0154,0.0000e+00,1.2259e-09,2.3172e-08,1.5179
-0.0585,0.2760,0.0000,0.0000e+00,3.1696e-09,2.2987e-08,1.4338
-0.0585,0.2756,0.0154,0.0000e+00,2.8479e-09,2.3029e-08,1.4478
-0.0585,0.2743,0.0308,0.0000e+00,1.2262e-09,2.3172e-08,1.5179
-0.0585,0.2721,0.0461,0.0000e+00,-1.3076e-09,2.3168e-08,1.6272
-0.0585,0.2587,0.0961,0.0000e+00,-1.1743e-08,2.0014e-08,2.1014
-0.0585,0.2529,0.1104,0.0000e+00,-1.4487e-08,1.8127e-08,2.2450
-0.0585,0.2464,0.1244,0.0000e+00,-1.9794e-08,1.2110e-08,2.5925
-0.0585,0.2390,0.1380,0.0000e+00,-6.3293e-09,2.2325e-08,1.8471
-0.0585,0.2309,0.1512,0.0000e+00,1.6251e-08,1.6564e-08,0.7949
-0.0585,0.2221,0.1638,0.0000e+00,-2.1696e-08,8.2296e-09,2.7791
-0.0585,0.2126,0.1760,0.0000e+00,-1.3916e-08,1.8569e-08,2.2139
-0.0585,0.1760,0.2126,0.0000e+00,-2.2688e-08,4.8702e-09,2.9301
-0.0585,0.1638,0.2221,0.0000e+00,-2.1986e-08,7.4214e-09,2.8160
-0.0585,0.1512,0.2309,0.0000e+00,-2.1173e-08,9.4959e-09,2.7200
-0.0585,0.1380,0.2390,0.0000e+00,-2.0451e-08,1.0964e-08,2.6495
-0.0585,0.1244,0.2464,0.0000e+00,-1.8619e-08,1.3849e-08,2.5021
-0.0585,0.1104,0.2529,0.0000e+00,1.2885e-08,1.9299e-08,0.9821
-0.0585,0.0961,0.2587,0.0000e+00,-2.0343e-08,1.1164e-08,2.6397
-0.0585,0.0461,0.2721,0.0000e+00,-2.3202e-08,-3.6596e-10,3.1574
-0.0585,0.0308,0.2743,0.0000e+00,-2.2196e-08,6.7682e-09,2.8456
-0.0585,0.0154,0.2756,0.0000e+00,-1.6992e-08,1.5802e-08,2.3925
-0.0585,0.0000,0.2760,0.0000e+00,-4.7898e-09,2.2705e-08,1.7787
-0.0585,-0.0154,0.2756,0.0000e+00,6.2373e-09,2.2351e-08,1.2987
-0.0585,-0.0308,0.2743,0.0000e+00,1.1167e-08,2.0341e-08,1.0687
-0.0585,-0.0461,0.2721,0.0000e+00,1.4193e-08,1.8358e-08,0.9127
-0.0585,-0.0961,0.2587,0.0000e+00,1.5485e-08,1.7282e-08,0.8402
-0.0585,-0.1104,0.2529,0.0000e+00,1.2459e-08,1.9577e-08,1.0040
-0.0585,-0.1244,0.2464,0.0000e+00,6.7556e-09,2.2200e-08,1.2754
-0.0585,-0.1380,0.2390,0.0000e+00,1.0647e-09,2.3180e-08,1.5249
-0.0585,-0.1512,0.2309,0.0000e+00,2.3205e-08,2.2194e-15,0.0000
-0.0585,-0.1638,0.2221,0.0000e+00,2.3205e-08,7.1346e-15,0.0000
-0.0585,-0.1760,0.2126,0.0000e+00,2.1747e-08,8.0955e-09,0.3564
-0.0585,-0.2126,0.1760,0.0000e+00,-3.0752e-09,2.3000e-08,1.7037
-0.0585,-0.2221,0.1638,0.0000e+00,-1.9488e-09,2.3123e-08,1.6549
-0.0585,-0.2309,0.1512,0.0000e+00,6.5239e-09,2.2269e-08,1.2858
-0.0585,-0.2390,0.1380,0.0000e+00,1.5023e-08,1.7686e-08,0.8666
-0.0585,-0.2464,0.1244,0.0000e+00,2.0375e-08,1.1106e-08,0.4991
-0.0585,-0.2529,0.1104,0.0000e+00,1.8333e-08,1.4226e-08,0.6599
-0.0585,-0.2587,0.0961,0.0000e+00,1.7770e-08,1.4923e-08,0.6985
-0.0585,-0.2721,0.0461,0.0000e+00,-1.8630e-08,1.3834e-08,2.5029
-0.0585,-0.2743,0.0308,0.0000e+00,-1.1764e-08,2.0002e-08,2.1025
-0.0585,-0.2756,0.0154,0.0000e+00,1.1182e-09,2.3178e-08,1.5226
-0.0585,-0.2760,0.0000,0.0000e+00,3.0791e-09,2.3000e-08,1.4377
-0.0585,-0.2756,-0.0154,0.0000e+00,2.8028e-09,2.3035e-08,1.4497
-0.0585,-0.2743,-0.0308,0.0000e+00,1.2382e-09,2.3172e-08,1.5174
-0.0585,-0.2721,-0.0461,0.0000e+00,-1.2247e-09,2.3172e-08,1.6236
-0.0585,-0.2587,-0.0961,0.0000e+00,-1.1601e-08,2.0097e-08,2.0943
-0.0585,-0.2529,-0.1104,0.0000e+00,-1.4453e-08,1.8154e-08,2.2432
-0.0585,-0.2464,-0.1244,0.0000e+00,-2.0095e-08,1.1603e-08,2.6179
-0.0585,-0.2390,-0.1380,0.0000e+00,-5.8093e-09,2.2466e-08,1.8238
-0.0585,-0.2309,-0.1512,0.0000e+00,1.5559e-08,1.7216e-08,0.8359
-0.0585,-0.2221,-0.1638,0.0000e+00,-2.2027e-08,7.2997e-09,2.8216
-0.0585,-0.2126,-0.1760,0.0000e+00,-1.3022e-08,1.9206e-08,2.1666
-0.0585,-0.1760,-0.2126,0.0000e+00,-2.2742e-08,4.6097e-09,2.9416
-0.0585,-0.1638,-0.2221,0.0000e+00,-2.2017e-08,7.3282e-09,2.8203
-0.0585,-0.1512,-0.2309,0.0000e+00,-2.1201e-08,9.4338e-09,2.7229
-0.0585,-0.1380,-0.2390,0.0000e+00,-2.0477e-08,1.0915e-08,2.6519
-0.0585,-0.1244,-0.2464,0.0000e+00,-1.8685e-08,1.3761e-08,2.5068
-0.0585,-0.1104,-0.2529,0.0000e+00,1.2538e-08,1.9526e-08,1.0000
-0.0585,-0.0961,-0.2587,0.0000e+00,-2.0224e-08,1.1378e-08,2.6291
-0.0585,-0.0461,-0.2721,0.0000e+00,-2.3201e-08,-4.1953e-10,3.1597
-0.0585,-0.0308,-0.2743,0.0000e+00,-2.2162e-08,6.8771e-09,2.8407
-0.0585,-0.0154,-0.2756,0.0000e+00,-1.6912e-08,1.5888e-08,2.3874
-0.0585,-0.0000,-0.2760,0.0000e+00,-4.7561e-09,2.2712e-08,1.7772
-0.0585,0.0154,-0.2756,0.0000e+00,6.2044e-09,2.2360e-08,1.3001
-0.0585,0.0308,-0.2743,0.0000e+00,1.1208e-08,2.0319e-08,1.0667
-0.0585,0.0461,-0.2721,0.0000e+00,1.4285e-08,1.8287e-08,0.9076
-0.0585,0.0961,-0.2587,0.0000e+00,1.5448e-08,1.7315e-08,0.8423
-0.0585,0.1104,-0.2529,0.0000e+00,1.2411e-08,1.9607e-08,1.0065
-0.0585,0.1244,-0.2464,0.0000e+00,6.7753e-09,2.2194e-08,1.2745
-0.0585,0.1380,-0.2390,0.0000e+00,1.1309e-09,2.3177e-08,1.5220
-0.0585,0.1512,-0.2309,0.0000e+00,2.3205e-08,1.7146e-15,0.0000
-0.0585,0.1638,-0.2221,0.0000e+00,2.3205e-08,7.0627e-15,0.0000
-0.0585,0.1760,-0.2126,0.0000e+00,2.1718e-08,8.1714e-09,0.3599
-0.0585,0.2126,-0.1760,0.0000e+00,-2.9478e-09,2.3017e-08,1.6982
-0.0585,0.2221,-0.1638,0.0000e+00,-1.9768e-09,2.3120e-08,1.6561
-0.0585,0.2309,-0.1512,0.0000e+00,6.3374e-09,2.2323e-08,1.2942
-0.0585,0.2390,-0.1380,0.0000e+00,1.5339e-08,1.7412e-08,0.8486
-0.0585,0.2464,-0.1244,0.0000e+00,2.0283e-08,1.1273e-08,0.5073
-0.0585,0.2529,-0.1104,0.0000e+00,1.7946e-08,1.4711e-08,0.6866
-0.0585,0.2587,-0.0961,0.0000e+00,1.8171e-08,1.4432e-08,0.6712
0.0585,0.2721,-0.0461,0.0000e+00,-1.7975e-08,1.4676e-08,2.4569
0.0585,0.2743,-0.0308,0.0000e+00,-1.2137e-08,1.9778e-08,2.1212
0.0585,0.2756,-0.0154,0.0000e+00,9.3292e-10,2.3186e-08,1.5306
0.0585,0.2760,0.0000,0.0000e+00,3.1103e-09,2.2995e-08,1.4364
0.0585,0.2756,0.0154,0.0000e+00,2.9895e-09,2.3011e-08,1.4416
0.0585,0.2743,0.0308,0.0000e+00,1.4626e-09,2.3159e-08,1.5077
0.0585,0.2721,0.0461,0.0000e+00,-1.0675e-09,2.3180e-08,1.6168
0.0585,0.2587,0.0961,0.0000e+00,-1.1933e-08,1.9901e-08,2.1109
0.0585,0.2529,0.1104,0.0000e+00,-1.4870e-08,1.7814e-08,2.2664
0.0585,0.2464,0.1244,0.0000e+00,-2.0468e-08,1.0933e-08,2.6510
0.0585,0.2390,0.1380,0.0000e+00,-4.4988e-09,2.2765e-08,1.7659
0.0585,0.2309,0.1512,0.0000e+00,1.2801e-08,1.9354e-08,0.9864
0.0585,0.2221,0.1638,0.0000e+00,-2.2108e-08,7.0503e-09,2.8329
0.0585,0.2126,0.1760,0.0000e+00,-1.2136e-08,1.9778e-08,2.1212
0.0585,0.1760,0.2126,0.0000e+00,-2.2705e-08,4.7878e-09,2.9338
0.0585,0.1638,0.2221,0.0000e+00,-2.1962e-08,7.4932e-09,2.8128
0.0585,0.1512,0.2309,0.0000e+00,-2.1156e-08,9.5332e-09,2.7182
0.0585,0.1380,0.2390,0.0000e+00,-2.0448e-08,1.0969e-08,2.6492
0.0585,0.1244,0.2464,0.0000e+00,-1.8624e-08,1.3843e-08,2.5024
0.0585,0.1104,0.2529,0.0000e+00,1.3237e-08,1.9059e-08,0.9637
0.0585,0.0961,0.2587,0.0000e+00,-2.0412e-08,1.1037e-08,2.6459
0.0585,0.0461,0.2721,0.0000e+00,-2.3197e-08,-5.8638e-10,3.1669
0.0585,0.0308,0.2743,0.0000e+00,-2.2240e-08,6.6207e-09,2.8523
0.0585,0.0154,0.2756,0.0000e+00,-1.7070e-08,1.5718e-08,2.3974
0.0585,0.0000,0.2760,0.0000e+00,-4.8684e-09,2.2688e-08,1.7822
0.0585,-0.0154,0.2756,0.0000e+00,6.2310e-09,2.2353e-08,1.2989
0.0585,-0.0308,0.2743,0.0000e+00,1.1235e-08,2.0303e-08,1.0654
0.0585,-0.0461,0.2721,0.0000e+00,1.4300e-08,1.8275e-08,0.9068
0.0585,-0.0961,0.2587,0.0000e+00,1.5426e-08,1.7335e-08,0.8436
0.0585,-0.1104,0.2529,0.0000e+00,1.2446e-08,1.9585e-08,1.0047
0.0585,-0.1244,0.2464,0.0000e+00,6.9139e-09,2.2151e-08,1.2683
0.0585,-0.1380,0.2390,0.0000e+00,1.4553e-09,2.3159e-08,1.5080
0.0585,-0.1512,0.2309,0.0000e+00,2.3205e-08,4.8967e-15,0.0000
0.0585,-0.1638,0.2221,0.0000e+00,2.3205e-08,6.2969e-15,0.0000
0.0585,-0.1760,0.2126,0.0000e+00,2.1583e-08,8.5218e-09,0.3760
0.0585,-0.2126,0.1760,0.0000e+00,-2.4960e-09,2.3070e-08,1.6786
0.0585,-0.2221,0.1638,0.0000e+00,-1.6891e-09,2.3143e-08,1.6437
0.0585,-0.2309,0.1512,0.0000e+00,6.3942e-09,2.2306e-08,1.2916
0.0585,-0.2390,0.1380,0.0000e+00,1.4835e-08,1.7843e-08,0.8772
0.0585,-0.2464,0.1244,0.0000e+00,2.0431e-08,1.1002e-08,0.4940
0.0585,-0.2529,0.1104,0.0000e+00,1.8395e-08,1.4145e-08,0.6555
0.0585,-0.2587,0.0961,0.0000e+00,1.7501e-08,1.5237e-08,0.7164
0.0585,-0.2721,0.0461,0.0000e+00,-1.8061e-08,1.4569e-08,2.4628
0.0585,-0.2743,0.0308,0.0000e+00,-1.1772e-08,1.9997e-08,2.1029
0.0585,-0.2756,0.0154,0.0000e+00,7.3649e-10,2.3193e-08,1.5391
0.0585,-0.2760,0.0000,0.0000e+00,3.0169e-09,2.3008e-08,1.4404
0.0585,-0.2756,-0.0154,0.0000e+00,3.0125e-09,2.3008e-08,1.4406
0.0585,-0.2743,-0.0308,0.0000e+00,1.5787e-09,2.3151e-08,1.5027
0.0585,-0.2721,-0.0461,0.0000e+00,-8.8852e-10,2.3188e-08,1.6091
0.0585,-0.2587,-0.0961,0.0000e+00,-1.1863e-08,1.9943e-08,2.1074
0.0585,-0.2529,-0.1104,0.0000e+00,-1.4992e-08,1.7711e-08,2.2732
0.0585,-0.2464,-0.1244,0.0000e+00,-2.1058e-08,9.7474e-09,2.7081
0.0585,-0.2390,-0.1380,0.0000e+00,-2.3649e-09,2.3084e-08,1.6729
0.0585,-0.2309,-0.1512,0.0000e+00,9.7331e-09,2.1065e-08,1.1380
0.0585,-0.2221,-0.1638,0.0000e+00,-2.2484e-08,5.7379e-09,2.8917
0.0585,-0.2126,-0.1760,0.0000e+00,-1.0417e-08,2.0735e-08,2.0364
0.0585,-0.1760,-0.2126,0.0000e+00,-2.2724e-08,4.7004e-09,2.9376
0.0585,-0.1638,-0.2221,0.0000e+00,-2.2012e-08,7.3430e-09,2.8196
0.0585,-0.1512,-0.2309,0.0000e+00,-2.1187e-08,9.4646e-09,2.7215
0.0585,-0.1380,-0.2390,0.0000e+00,-2.0475e-08,1.0919e-08,2.6517
0.0585,-0.1244,-0.2464,0.0000e+00,-1.8697e-08,1.3743e-08,2.5077
0.0585,-0.1104,-0.2529,0.0000e+00,1.3058e-08,1.9182e-08,0.9731
0.0585,-0.0961,-0.2587,0.0000e+00,-2.0250e-08,1.1332e-08,2.6314
0.0585,-0.0461,-0.2721,0.0000e+00,-2.3193e-08,-7.3132e-10,3.1731
0.0585,-0.0308,-0.2743,0.0000e+00,-2.2238e-08,6.6267e-09,2.8520
0.0585,-0.0154,-0.2756,0.0000e+00,-1.7015e-08,1.5778e-08,2.3939
0.0585,-0.0000,-0.2760,0.0000e+00,-4.8758e-09,2.2687e-08,1.7825
0.0585,0.0154,-0.2756,0.0000e+00,6.0971e-09,2.2389e-08,1.3049
0.0585,0.0308,-0.2743,0.0000e+00,1.1183e-08,2.0332e-08,1.0679
0.0585,0.0461,-0.2721,0.0000e+00,1.4338e-08,1.8245e-08,0.9047
0.0585,0.0961,-0.2587,0.0000e+00,1.5414e-08,1.7345e-08,0.8443
0.0585,0.1104,-0.2529,0.0000e+00,1.2402e-08,1.9613e-08,1.0069
0.0585,0.1244,-0.2464,0.0000e+00,6.9259e-09,2.2147e-08,1.2677
0.0585,0.1380,-0.2390,0.0000e+00,1.4124e-09,2.3162e-08,1.5099
0.0585,0.1512,-0.2309,0.0000e+00,2.3205e-08,3.4392e-15,0.0000
0.0585,0.1638,-0.2221,0.0000e+00,2.3205e-08,2.3622e-15,0.0000
0.0585,0.1760,-0.2126,0.0000e+00,2.1586e-08,8.5163e-09,0.3758
0.0585,0.2126,-0.1760,0.0000e+00,-2.4664e-09,2.3073e-08,1.6773
0.0585,0.2221,-0.1638,0.0000e+00,-1.7832e-09,2.3136e-08,1.6477
0.0585,0.2309,-0.1512,0.0000e+00,6.2926e-09,2.2335e-08,1.2962
0.0585,0.2390,-0.1380,0.0000e+00,1.5083e-08,1.7634e-08,0.8632
0.0585,0.2464,-0.1244,0.0000e+00,2.0390e-08,1.1078e-08,0.4977
0.0585,0.2529,-0.1104,0.0000e+00,1.8052e-08,1.4581e-08,0.6794
0.0585,0.2587,-0.0961,0.0000e+00,1.7862e-08,1.4812e-08,0.6923
0.1755,0.2721,-0.0461,0.0000e+00,-2.3204e-08,1.9885e-10,3.1330
0.1755,0.2743,-0.0308,0.0000e+00,-2.3175e-08,1.1759e-09,3.0909
0.1755,0.2756,-0.0154,0.0000e+00,-1.8219e-08,1.4371e-08,2.4737
0.1755,0.2760,0.0000,0.0000e+00,3.3722e-10,2.3202e-08,1.5563
0.1755,0.2756,0.0154,0.0000e+00,3.3409e-09,2.2963e-08,1.4263
0.1755,0.2743,0.0308,0.0000e+00,1.0899e-09,2.3179e-08,1.5238
0.1755,0.2721,0.0461,0.0000e+00,-2.2018e-09,2.3100e-08,1.6658
0.1755,0.2587,0.0961,0.0000e+00,-1.2088e-08,1.9807e-08,2.1188
0.1755,0.2529,0.1104,0.0000e+00,-1.4138e-08,1.8401e-08,2.2259
0.1755,0.2464,0.1244,0.0000e+00,-1.6387e-08,1.6429e-08,2.3549
0.1755,0.2390,0.1380,0.0000e+00,-1.8348e-08,1.4206e-08,2.4828
0.1755,0.2309,0.1512,0.0000e+00,-1.5542e-08,1.7231e-08,2.3047
0.1755,0.2221,0.1638,0.0000e+00,9.0049e-10,2.3187e-08,1.5320
0.1755,0.2126,0.1760,0.0000e+00,2.1564e-08,8.5709e-09,0.3783
0.1755,0.1760,0.2126,0.0000e+00,-1.9618e-08,1.2393e-08,2.5782
0.1755,0.1638,0.2221,0.0000e+00,-1.8807e-08,-1.3593e-08,3.7674
0.1755,0.1512,0.2309,0.0000e+00,-1.7813e-08,-1.4872e-08,3.8372
0.1755,0.1380,0.2390,0.0000e+00,-2.2412e-08,-6.0147e-09,3.4038
0.1755,0.1244,0.2464,0.0000e+00,-2.2808e-08,4.2738e-09,2.9564
0.1755,0.1104,0.2529,0.0000e+00,-2.2044e-08,7.2468e-09,2.8240
0.1755,0.0961,0.2587,0.0000e+00,-2.2401e-08,6.0561e-09,2.8776
0.1755,0.0461,0.2721,0.0000e+00,-2.2604e-08,-5.2443e-09,3.3696
0.1755,0.0308,0.2743,0.0000e+00,-2.1664e-08,-8.3146e-09,3.5081
0.1755,0.0154,0.2756,0.0000e+00,-2.0991e-08,-9.8917e-09,3.5820
0.1755,0.0000,0.2760,0.0000e+00,-2.1288e-08,-9.2354e-09,3.5509
0.1755,-0.0154,0.2756,0.0000e+00,-2.2277e-08,-6.4950e-09,3.4253
0.1755,-0.0308,0.2743,0.0000e+00,-2.2916e-08,-3.6492e-09,3.2995
0.1755,-0.0461,0.2721,0.0000e+00,-2.2983e-08,-3.1976e-09,3.2798
0.1755,-0.0961,0.2587,0.0000e+00,-2.3195e-08,6.5774e-10,3.1132
0.1755,-0.1104,0.2529,0.0000e+00,-2.2889e-08,3.8131e-09,2.9765
0.1755,-0.1244,0.2464,0.0000e+00,-2.3029e-08,-2.8490e-09,3.2647
0.1755,-0.1380,0.2390,0.0000e+00,-2.0095e-08,1.1604e-08,2.6179
0.1755,-0.1512,0.2309,0.0000e+00,1.0056e-08,2.0912e-08,1.1226
0.1755,-0.1638,0.2221,0.0000e+00,1.8005e-08,1.4638e-08,0.6826
0.1755,-0.1760,0.2126,0.0000e+00,2.1455e-08,8.8388e-09,0.3908
0.1755,-0.2126,0.1760,0.0000e+00,2.0741e-08,1.0406e-08,0.4650
0.1755,-0.2221,0.1638,0.0000e+00,-2.1008e-08,9.8554e-09,2.7029
0.1755,-0.2309,0.1512,0.0000e+00,-7.3400e-09,2.2013e-08,1.8926
0.1755,-0.2390,0.1380,0.0000e+00,1.8654e-08,1.3801e-08,0.6370
0.1755,-0.2464,0.1244,0.0000e+00,2.2627e-08,5.1463e-09,0.2236
0.1755,-0.2529,0.1104,0.0000e+00,2.2920e-08,3.6266e-09,0.1569
0.1755,-0.2587,0.0961,0.0000e+00,2.0422e-08,-1.1018e-08,-0.4947
0.1755,-0.2721,0.0461,0.0000e+00,-2.3202e-08,3.6557e-10,3.1258
0.1755,-0.2743,0.0308,0.0000e+00,-2.3169e-08,1.2904e-09,3.0860
0.1755,-0.2756,0.0154,0.0000e+00,-1.8205e-08,1.4388e-08,2.4728
0.1755,-0.2760,0.0000,0.0000e+00,3.0018e-10,2.3203e-08,1.5579
0.1755,-0.2756,-0.0154,0.0000e+00,3.3779e-09,2.2958e-08,1.4247
0.1755,-0.2743,-0.0308,0.0000e+00,1.1445e-09,2.3177e-08,1.5215
0.1755,-0.2721,-0.0461,0.0000e+00,-2.1538e-09,2.3105e-08,1.6637
0.1755,-0.2587,-0.0961,0.0000e+00,-1.2041e-08,1.9836e-08,2.1164
0.1755,-0.2529,-0.1104,0.0000e+00,-1.4122e-08,1.8413e-08,2.2251
0.1755,-0.2464,-0.1244,0.0000e+00,-1.6435e-08,1.6382e-08,2.3578
0.1755,-0.2390,-0.1380,0.0000e+00,-1.8383e-08,1.4161e-08,2.4852
0.1755,-0.2309,-0.1512,0.0000e+00,-1.5526e-08,1.7246e-08,2.3038
0.1755,-0.2221,-0.1638,0.0000e+00,8.6546e-10,2.3189e-08,1.5335
0.1755,-0.2126,-0.1760,0.0000e+00,2.1563e-08,8.5735e-09,0.3784
0.1755,-0.1760,-0.2126,0.0000e+00,-1.9641e-08,1.2357e-08,2.5800
0.1755,-0.1638,-0.2221,0.0000e+00,-1.8791e-08,-1.3615e-08,3.7686
0.1755,-0.1512,-0.2309,0.0000e+00,-1.7846e-08,-1.4832e-08,3.8350
0.1755,-0.1380,-0.2390,0.0000e+00,-2.2437e-08,-5.9190e-09,3.3995
0.1755,-0.1244,-0.2464,0.0000e+00,-2.2798e-08,4.3259e-09,2.9541
0.1755,-0.1104,-0.2529,0.0000e+00,-2.2049e-08,7.2307e-09,2.8247
0.1755,-0.0961,-0.2587,0.0000e+00,-2.2413e-08,6.0093e-09,2.8796
0.1755,-0.0461,-0.2721,0.0000e+00,-2.2603e-08,-5.2518e-09,3.3699
0.1755,-0.0308,-0.2743,0.0000e+00,-2.1665e-08,-8.3111e-09,3.5079
0.1755,-0.0154,-0.2756,0.0000e+00,-2.0993e-08,-9.8876e-09,3.5818
0.1755,-0.0000,-0.2760,0.0000e+00,-2.1285e-08,-9.2422e-09,3.5512
0.1755,0.0154,-0.2756,0.0000e+00,-2.2271e-08,-6.5174e-09,3.4263
0.1755,0.0308,-0.2743,0.0000e+00,-2.2912e-08,-3.6768e-09,3.3007
0.1755,0.0461,-0.2721,0.0000e+00,-2.2982e-08,-3.2085e-09,3.2803
0.1755,0.0961,-0.2587,0.0000e+00,-2.3197e-08,5.8566e-10,3.1164
0.1755,0.1104,-0.2529,0.0000e+00,-2.2883e-08,3.8538e-09,2.9747
0.1755,0.1244,-0.2464,0.0000e+00,-2.3039e-08,-2.7678e-09,3.2612
0.1755,0.1380,-0.2390,0.0000e+00,-2.0229e-08,1.1370e-08,2.6295
0.1755,0.1512,-0.2309,0.0000e+00,1.0082e-08,2.0900e-08,1.1213
0.1755,0.1638,-0.2221,0.0000e+00,1.7956e-08,1.4698e-08,0.6860
0.1755,0.1760,-0.2126,0.0000e+00,2.1464e-08,8.8173e-09,0.3898
0.1755,0.2126,-0.1760,0.0000e+00,2.0676e-08,1.0533e-08,0.4712
0.1755,0.2221,-0.1638,0.0000e+00,-2.0975e-08,9.9259e-09,2.6996
0.1755,0.2309,-0.1512,0.0000e+00,-7.4613e-09,2.1973e-08,1.8982
0.1755,0.2390,-0.1380,0.0000e+00,1.8858e-08,1.3521e-08,0.6221
0.1755,0.2464,-0.1244,0.0000e+00,2.2628e-08,5.1420e-09,0.2234
0.1755,0.2529,-0.1104,0.0000e+00,2.2893e-08,3.7934e-09,0.1642
0.1755,0.2587,-0.0961,0.0000e+00,2.0419e-08,-1.1023e-08,-0.4950
