x[m],y[m],z[m],dirx[m^2A],diry[m^2A],dirz[m^2A],rotation_xy[rad]
-0.1755,0.2721,-0.0461,0.0000e+00,-2.2100e-08,7.0743e-09,9.1150
-0.1755,0.2743,-0.0308,0.0000e+00,2.2955e-08,3.3959e-09,0.1469
-0.1755,0.2756,-0.0154,0.0000e+00,-1.8053e-08,1.4579e-08,2.4623
-0.1755,0.2760,0.0000,0.0000e+00,4.9465e-09,2.2671e-08,1.3560
-0.1755,0.2756,0.0154,0.0000e+00,5.3828e-09,2.2572e-08,1.3367
-0.1755,0.2743,0.0308,0.0000e+00,2.9875e-09,2.3012e-08,1.4417
-0.1755,0.2721,0.0461,0.0000e+00,2.2830e-09,2.3092e-08,1.4723
-0.1755,0.2587,0.0961,0.0000e+00,-4.1789e-09,2.2825e-08,1.7519
-0.1755,0.2529,0.1104,0.0000e+00,-2.9735e-09,2.3013e-08,1.6993
-0.1755,0.2464,0.1244,0.0000e+00,-6.7578e-09,2.2199e-08,1.8663
-0.1755,0.2390,0.1380,0.0000e+00,-4.3602e-09,2.2791e-08,1.7598
-0.1755,0.2309,0.1512,0.0000e+00,-2.6939e-09,2.3048e-08,1.6871
-0.1755,0.2221,0.1638,0.0000e+00,-1.2381e-09,2.3172e-08,1.6242
-0.1755,0.2126,0.1760,0.0000e+00,-3.6892e-09,2.2910e-08,1.7305
-0.1755,0.1760,0.2126,0.0000e+00,-5.7596e-10,2.3198e-08,1.5956
-0.1755,0.1638,0.2221,0.0000e+00,-5.3637e-10,2.3199e-08,1.5939
-0.1755,0.1512,0.2309,0.0000e+00,3.5505e-11,2.3205e-08,1.5693
-0.1755,0.1380,0.2390,0.0000e+00,-2.5475e-09,2.3065e-08,1.6808
-0.1755,0.1244,0.2464,0.0000e+00,-1.6806e-09,2.3144e-08,1.6433
-0.1755,0.1104,0.2529,0.0000e+00,2.5673e-09,2.3062e-08,1.4599
-0.1755,0.0961,0.2587,0.0000e+00,1.8127e-09,2.3134e-08,1.4926
-0.1755,0.0461,0.2721,0.0000e+00,1.9452e-09,2.3123e-08,1.4869
-0.1755,0.0308,0.2743,0.0000e+00,2.0002e-09,2.3118e-08,1.4845
-0.1755,0.0154,0.2756,0.0000e+00,2.3142e-08,1.7072e-09,0.0736
-0.1755,0.0000,0.2760,0.0000e+00,-5.4713e-09,2.2551e-08,1.8088
-0.1755,-0.0154,0.2756,0.0000e+00,2.3205e-08,9.4942e-11,0.0041
-0.1755,-0.0308,0.2743,0.0000e+00,-2.2685e-09,2.3094e-08,1.6687
-0.1755,-0.0461,0.2721,0.0000e+00,-2.1814e-09,2.3102e-08,1.6649
-0.1755,-0.0961,0.2587,0.0000e+00,-4.1259e-09,2.2835e-08,1.7496
-0.1755,-0.1104,0.2529,0.0000e+00,4.0611e-09,2.2847e-08,1.3949
-0.1755,-0.1244,0.2464,0.0000e+00,2.1322e-09,2.3107e-08,1.4788
-0.1755,-0.1380,0.2390,0.0000e+00,5.3158e-09,2.2588e-08,1.3397
-0.1755,-0.1512,0.2309,0.0000e+00,3.9345e-09,2.2869e-08,1.4004
-0.1755,-0.1638,0.2221,0.0000e+00,3.4676e-09,2.2944e-08,1.4208
-0.1755,-0.1760,0.2126,0.0000e+00,5.5491e-09,2.2532e-08,1.3293
-0.1755,-0.2126,0.1760,0.0000e+00,5.9305e-09,2.2434e-08,1.3124
-0.1755,-0.2221,0.1638,0.0000e+00,3.4366e-09,2.2949e-08,1.4222
-0.1755,-0.2309,0.1512,0.0000e+00,9.7225e-09,2.1070e-08,1.1385
-0.1755,-0.2390,0.1380,0.0000e+00,8.0605e-09,2.1760e-08,1.2160
-0.1755,-0.2464,0.1244,0.0000e+00,8.3660e-09,2.1644e-08,1.2020
-0.1755,-0.2529,0.1104,0.0000e+00,5.4849e-09,2.2547e-08,1.3322
-0.1755,-0.2587,0.0961,0.0000e+00,1.2804e-08,1.9353e-08,0.9863
-0.1755,-0.2721,0.0461,0.0000e+00,2.2165e-08,6.8683e-09,0.3005
-0.1755,-0.2743,0.0308,0.0000e+00,1.9364e-09,2.3124e-08,1.4872
-0.1755,-0.2756,0.0154,0.0000e+00,1.6238e-09,2.3148e-08,1.5008
-0.1755,-0.2760,0.0000,0.0000e+00,1.1426e-08,2.0197e-08,1.0560
-0.1755,-0.2756,-0.0154,0.0000e+00,-3.5002e-09,2.2939e-08,1.7222
-0.1755,-0.2743,-0.0308,0.0000e+00,-4.1598e-09,2.2829e-08,1.7510
-0.1755,-0.2721,-0.0461,0.0000e+00,-4.1307e-09,2.2834e-08,1.7498
-0.1755,-0.2587,-0.0961,0.0000e+00,-4.1096e-09,2.2838e-08,1.7488
-0.1755,-0.2529,-0.1104,0.0000e+00,-8.3648e-09,2.1645e-08,1.9396
-0.1755,-0.2464,-0.1244,0.0000e+00,-4.2965e-09,2.2804e-08,1.7570
-0.1755,-0.2390,-0.1380,0.0000e+00,-3.4144e-09,2.2952e-08,1.7185
-0.1755,-0.2309,-0.1512,0.0000e+00,1.4140e-09,2.3162e-08,1.5098
-0.1755,-0.2221,-0.1638,0.0000e+00,-2.1305e-09,2.3107e-08,1.6627
-0.1755,-0.2126,-0.1760,0.0000e+00,-2.2384e-09,2.3097e-08,1.6674
-0.1755,-0.1760,-0.2126,0.0000e+00,5.4761e-11,2.3205e-08,1.5684
-0.1755,-0.1638,-0.2221,0.0000e+00,3.1855e-09,2.2985e-08,1.4331
-0.1755,-0.1512,-0.2309,0.0000e+00,4.0342e-09,2.2851e-08,1.3961
-0.1755,-0.1380,-0.2390,0.0000e+00,4.1759e-09,2.2826e-08,1.3899
-0.1755,-0.1244,-0.2464,0.0000e+00,-5.1547e-10,2.3199e-08,1.5930
-0.1755,-0.1104,-0.2529,0.0000e+00,2.6103e-09,2.3058e-08,1.4581
-0.1755,-0.0961,-0.2587,0.0000e+00,-2.0643e-08,1.0599e-08,8.9504
-0.1755,-0.0461,-0.2721,0.0000e+00,1.1260e-08,2.0290e-08,1.0641
-0.1755,-0.0308,-0.2743,0.0000e+00,-1.1461e-08,2.0177e-08,2.0874
-0.1755,-0.0154,-0.2756,0.0000e+00,-5.7485e-09,2.2481e-08,1.8211
-0.1755,-0.0000,-0.2760,0.0000e+00,7.3975e-09,2.1994e-08,1.2463
-0.1755,0.0154,-0.2756,0.0000e+00,1.0662e-08,2.0610e-08,1.0934
-0.1755,0.0308,-0.2743,0.0000e+00,3.7686e-09,2.2897e-08,1.4077
-0.1755,0.0461,-0.2721,0.0000e+00,-1.1026e-09,2.3179e-08,1.6183
-0.1755,0.0961,-0.2587,0.0000e+00,-1.0128e-09,2.3183e-08,1.6145
-0.1755,0.1104,-0.2529,0.0000e+00,2.1052e-09,2.3109e-08,1.4799
-0.1755,0.1244,-0.2464,0.0000e+00,2.1916e-09,2.3101e-08,1.4762
-0.1755,0.1380,-0.2390,0.0000e+00,2.9328e-10,2.3203e-08,1.5582
-0.1755,0.1512,-0.2309,0.0000e+00,9.7806e-10,2.3184e-08,1.5286
-0.1755,0.1638,-0.2221,0.0000e+00,-1.7765e-09,2.3137e-08,1.6474
-0.1755,0.1760,-0.2126,0.0000e+00,2.7714e-09,2.3039e-08,1.4511
-0.1755,0.2126,-0.1760,0.0000e+00,5.8874e-09,2.2446e-08,1.3143
-0.1755,0.2221,-0.1638,0.0000e+00,4.9688e-09,2.2667e-08,1.3550
-0.1755,0.2309,-0.1512,0.0000e+00,6.2681e-09,2.2342e-08,1.2973
-0.1755,0.2390,-0.1380,0.0000e+00,5.0604e-09,2.2646e-08,1.3510
-0.1755,0.2464,-0.1244,0.0000e+00,7.0374e-09,2.2112e-08,1.2627
-0.1755,0.2529,-0.1104,0.0000e+00,9.7057e-09,2.1078e-08,1.1393
-0.1755,0.2587,-0.0961,0.0000e+00,7.6947e-09,2.1892e-08,1.2328
-0.0585,0.2721,-0.0461,0.0000e+00,8.4956e-09,2.1594e-08,1.1960
-0.0585,0.2743,-0.0308,0.0000e+00,9.8253e-09,2.1022e-08,1.1336
-0.0585,0.2756,-0.0154,0.0000e+00,6.1498e-09,2.2375e-08,1.3026
-0.0585,0.2760,0.0000,0.0000e+00,5.0560e-09,2.2647e-08,1.3511
-0.0585,0.2756,0.0154,0.0000e+00,3.4272e-09,2.2950e-08,1.4226
-0.0585,0.2743,0.0308,0.0000e+00,8.3607e-10,2.3190e-08,1.5348
-0.0585,0.2721,0.0461,0.0000e+00,6.2836e-10,2.3196e-08,1.5437
-0.0585,0.2587,0.0961,0.0000e+00,-3.1612e-09,2.2988e-08,1.7075
-0.0585,0.2529,0.1104,0.0000e+00,-4.1387e-09,2.2833e-08,1.7501
-0.0585,0.2464,0.1244,0.0000e+00,-2.4598e-09,2.3074e-08,1.6770
-0.0585,0.2390,0.1380,0.0000e+00,-2.5718e-09,2.3062e-08,1.6819
-0.0585,0.2309,0.1512,0.0000e+00,-1.3300e-10,2.3204e-08,1.5765
-0.0585,0.2221,0.1638,0.0000e+00,-3.3216e-10,2.3202e-08,1.5851
-0.0585,0.2126,0.1760,0.0000e+00,4.1713e-10,2.3201e-08,1.5528
-0.0585,0.1760,0.2126,0.0000e+00,2.6479e-09,2.3053e-08,1.4564
-0.0585,0.1638,0.2221,0.0000e+00,4.5898e-09,2.2746e-08,1.3717
-0.0585,0.1512,0.2309,0.0000e+00,4.5032e-09,2.2764e-08,1.3755
-0.0585,0.1380,0.2390,0.0000e+00,5.6235e-09,2.2513e-08,1.3260
-0.0585,0.1244,0.2464,0.0000e+00,6.4766e-09,2.2283e-08,1.2879
-0.0585,0.1104,0.2529,0.0000e+00,7.0682e-09,2.2102e-08,1.2613
-0.0585,0.0961,0.2587,0.0000e+00,7.2243e-09,2.2052e-08,1.2542
-0.0585,0.0461,0.2721,0.0000e+00,4.8666e-09,2.2689e-08,1.3595
-0.0585,0.0308,0.2743,0.0000e+00,3.8748e-09,2.2879e-08,1.4030
-0.0585,0.0154,0.2756,0.0000e+00,8.1878e-10,2.3190e-08,1.5355
-0.0585,0.0000,0.2760,0.0000e+00,-2.5367e-09,2.3066e-08,1.6803
-0.0585,-0.0154,0.2756,0.0000e+00,-1.3823e-09,2.3164e-08,1.6304
-0.0585,-0.0308,0.2743,0.0000e+00,-4.0747e-09,2.2844e-08,1.7473
-0.0585,-0.0461,0.2721,0.0000e+00,-2.7683e-09,2.3039e-08,1.6904
-0.0585,-0.0961,0.2587,0.0000e+00,-4.3385e-09,2.2796e-08,1.7589
-0.0585,-0.1104,0.2529,0.0000e+00,-4.0247e-09,2.2853e-08,1.7451
-0.0585,-0.1244,0.2464,0.0000e+00,-2.3438e-09,2.3086e-08,1.6720
-0.0585,-0.1380,0.2390,0.0000e+00,-4.0358e-09,2.2851e-08,1.7456
-0.0585,-0.1512,0.2309,0.0000e+00,-1.2421e-09,2.3172e-08,1.6244
-0.0585,-0.1638,0.2221,0.0000e+00,1.4170e-09,2.3161e-08,1.5097
-0.0585,-0.1760,0.2126,0.0000e+00,1.5491e-09,2.3153e-08,1.5040
-0.0585,-0.2126,0.1760,0.0000e+00,4.7687e-09,2.2710e-08,1.3638
-0.0585,-0.2221,0.1638,0.0000e+00,6.6214e-09,2.2240e-08,1.2814
-0.0585,-0.2309,0.1512,0.0000e+00,8.2875e-09,2.1674e-08,1.2056
-0.0585,-0.2390,0.1380,0.0000e+00,8.1036e-09,2.1744e-08,1.2141
-0.0585,-0.2464,0.1244,0.0000e+00,8.2056e-09,2.1706e-08,1.2094
-0.0585,-0.2529,0.1104,0.0000e+00,9.6148e-09,2.1119e-08,1.1436
-0.0585,-0.2587,0.0961,0.0000e+00,1.0924e-08,2.0473e-08,1.0806
-0.0585,-0.2721,0.0461,0.0000e+00,6.2682e-09,2.2342e-08,1.2973
-0.0585,-0.2743,0.0308,0.0000e+00,7.8725e-09,2.1829e-08,1.2247
-0.0585,-0.2756,0.0154,0.0000e+00,6.2699e-09,2.2342e-08,1.2972
-0.0585,-0.2760,0.0000,0.0000e+00,-1.2343e-09,2.3172e-08,1.6240
-0.0585,-0.2756,-0.0154,0.0000e+00,1.1341e-09,2.3177e-08,1.5219
-0.0585,-0.2743,-0.0308,0.0000e+00,-4.8466e-09,2.2693e-08,1.7812
-0.0585,-0.2721,-0.0461,0.0000e+00,-5.6803e-09,2.2499e-08,1.8181
-0.0585,-0.2587,-0.0961,0.0000e+00,-6.5157e-09,2.2271e-08,1.8554
-0.0585,-0.2529,-0.1104,0.0000e+00,-6.4191e-09,2.2299e-08,1.8511
-0.0585,-0.2464,-0.1244,0.0000e+00,-4.6223e-09,2.2740e-08,1.7713
-0.0585,-0.2390,-0.1380,0.0000e+00,-4.0346e-09,2.2851e-08,1.7456
-0.0585,-0.2309,-0.1512,0.0000e+00,-4.0559e-09,2.2848e-08,1.7465
-0.0585,-0.2221,-0.1638,0.0000e+00,-1.6367e-09,2.3147e-08,1.6414
-0.0585,-0.2126,-0.1760,0.0000e+00,-1.0419e-09,2.3181e-08,1.6157
-0.0585,-0.1760,-0.2126,0.0000e+00,4.4505e-09,2.2774e-08,1.3778
-0.0585,-0.1638,-0.2221,0.0000e+00,4.9569e-09,2.2669e-08,1.3555
-0.0585,-0.1512,-0.2309,0.0000e+00,4.2699e-09,2.2809e-08,1.3857
-0.0585,-0.1380,-0.2390,0.0000e+00,6.1020e-09,2.2388e-08,1.3047
-0.0585,-0.1244,-0.2464,0.0000e+00,8.2688e-09,2.1682e-08,1.2064
-0.0585,-0.1104,-0.2529,0.0000e+00,1.0573e-08,2.0656e-08,1.0977
-0.0585,-0.0961,-0.2587,0.0000e+00,8.5994e-09,2.1553e-08,1.1912
-0.0585,-0.0461,-0.2721,0.0000e+00,8.0113e-09,2.1778e-08,1.2183
-0.0585,-0.0308,-0.2743,0.0000e+00,8.3041e-09,2.1668e-08,1.2048
-0.0585,-0.0154,-0.2756,0.0000e+00,6.2762e-09,2.2340e-08,1.2969
-0.0585,-0.0000,-0.2760,0.0000e+00,5.0352e-09,2.2652e-08,1.3521
-0.0585,0.0154,-0.2756,0.0000e+00,2.0855e-09,2.3111e-08,1.4808
-0.0585,0.0308,-0.2743,0.0000e+00,-3.9907e-10,2.3201e-08,1.5880
-0.0585,0.0461,-0.2721,0.0000e+00,2.9257e-10,2.3203e-08,1.5582
-0.0585,0.0961,-0.2587,0.0000e+00,-4.5217e-09,2.2760e-08,1.7669
-0.0585,0.1104,-0.2529,0.0000e+00,-5.0596e-09,2.2646e-08,1.7906
-0.0585,0.1244,-0.2464,0.0000e+00,-6.9699e-09,2.2133e-08,1.8759
-0.0585,0.1380,-0.2390,0.0000e+00,-6.6531e-09,2.2231e-08,1.8616
-0.0585,0.1512,-0.2309,0.0000e+00,-6.1303e-09,2.2380e-08,1.8382
-0.0585,0.1638,-0.2221,0.0000e+00,-4.4523e-09,2.2774e-08,1.7639
-0.0585,0.1760,-0.2126,0.0000e+00,-4.6863e-09,2.2727e-08,1.7742
-0.0585,0.2126,-0.1760,0.0000e+00,-1.8105e-09,2.3134e-08,1.6489
-0.0585,0.2221,-0.1638,0.0000e+00,-1.2953e-12,2.3205e-08,1.5709
-0.0585,0.2309,-0.1512,0.0000e+00,2.8022e-09,2.3035e-08,1.4497
-0.0585,0.2390,-0.1380,0.0000e+00,3.0951e-09,2.2997e-08,1.4370
-0.0585,0.2464,-0.1244,0.0000e+00,3.8054e-09,2.2891e-08,1.4061
-0.0585,0.2529,-0.1104,0.0000e+00,4.3288e-09,2.2797e-08,1.3831
-0.0585,0.2587,-0.0961,0.0000e+00,5.3126e-09,2.2588e-08,1.3398
0.0585,0.2721,-0.0461,0.0000e+00,7.6951e-09,2.1892e-08,1.2328
0.0585,0.2743,-0.0308,0.0000e+00,7.5918e-09,2.1928e-08,1.2375
0.0585,0.2756,-0.0154,0.0000e+00,7.2621e-09,2.2039e-08,1.2525
0.0585,0.2760,0.0000,0.0000e+00,4.5561e-09,2.2753e-08,1.3732
0.0585,0.2756,0.0154,0.0000e+00,5.0219e-09,2.2655e-08,1.3527
0.0585,0.2743,0.0308,0.0000e+00,3.1561e-09,2.2989e-08,1.4344
0.0585,0.2721,0.0461,0.0000e+00,1.6786e-09,2.3144e-08,1.4984
0.0585,0.2587,0.0961,0.0000e+00,-6.0506e-10,2.3197e-08,1.5969
0.0585,0.2529,0.1104,0.0000e+00,-6.7567e-11,2.3205e-08,1.5737
0.0585,0.2464,0.1244,0.0000e+00,-9.1672e-10,2.3187e-08,1.6103
0.0585,0.2390,0.1380,0.0000e+00,-8.6029e-10,2.3189e-08,1.6079
0.0585,0.2309,0.1512,0.0000e+00,3.9635e-11,2.3205e-08,1.5691
0.0585,0.2221,0.1638,0.0000e+00,2.3159e-09,2.3089e-08,1.4708
0.0585,0.2126,0.1760,0.0000e+00,2.6785e-09,2.3050e-08,1.4551
0.0585,0.1760,0.2126,0.0000e+00,3.4579e-09,2.2946e-08,1.4212
0.0585,0.1638,0.2221,0.0000e+00,6.3724e-09,2.2313e-08,1.2926
0.0585,0.1512,0.2309,0.0000e+00,6.6973e-09,2.2217e-08,1.2780
0.0585,0.1380,0.2390,0.0000e+00,6.9739e-09,2.2132e-08,1.2655
0.0585,0.1244,0.2464,0.0000e+00,9.2840e-09,2.1267e-08,1.1592
0.0585,0.1104,0.2529,0.0000e+00,7.2419e-09,2.2046e-08,1.2534
0.0585,0.0961,0.2587,0.0000e+00,8.5809e-09,2.1560e-08,1.1920
0.0585,0.0461,0.2721,0.0000e+00,4.0981e-09,2.2840e-08,1.3933
0.0585,0.0308,0.2743,0.0000e+00,2.5097e-12,2.3205e-08,1.5707
0.0585,0.0154,0.2756,0.0000e+00,8.5782e-10,2.3189e-08,1.5338
0.0585,0.0000,0.2760,0.0000e+00,-6.1087e-10,2.3197e-08,1.5971
0.0585,-0.0154,0.2756,0.0000e+00,-1.8322e-09,2.3132e-08,1.6498
0.0585,-0.0308,0.2743,0.0000e+00,-4.7663e-09,2.2710e-08,1.7777
0.0585,-0.0461,0.2721,0.0000e+00,-5.8280e-09,2.2461e-08,1.8247
0.0585,-0.0961,0.2587,0.0000e+00,-7.2722e-09,2.2036e-08,1.8896
0.0585,-0.1104,0.2529,0.0000e+00,-9.0331e-09,2.1374e-08,1.9706
0.0585,-0.1244,0.2464,0.0000e+00,-8.4081e-09,2.1628e-08,1.9416
0.0585,-0.1380,0.2390,0.0000e+00,-2.6980e-09,2.3047e-08,1.6873
0.0585,-0.1512,0.2309,0.0000e+00,-2.9848e-09,2.3012e-08,1.6998
0.0585,-0.1638,0.2221,0.0000e+00,-1.4935e-09,2.3157e-08,1.6352
0.0585,-0.1760,0.2126,0.0000e+00,2.8758e-10,2.3203e-08,1.5584
0.0585,-0.2126,0.1760,0.0000e+00,3.4566e-09,2.2946e-08,1.4213
0.0585,-0.2221,0.1638,0.0000e+00,5.5121e-09,2.2541e-08,1.3310
0.0585,-0.2309,0.1512,0.0000e+00,6.5156e-09,2.2271e-08,1.2862
0.0585,-0.2390,0.1380,0.0000e+00,7.1671e-09,2.2070e-08,1.2568
0.0585,-0.2464,0.1244,0.0000e+00,9.3238e-09,2.1249e-08,1.1573
0.0585,-0.2529,0.1104,0.0000e+00,8.7101e-09,2.1508e-08,1.1860
0.0585,-0.2587,0.0961,0.0000e+00,1.0713e-08,2.0584e-08,1.0909
0.0585,-0.2721,0.0461,0.0000e+00,8.8746e-09,2.1441e-08,1.1784
0.0585,-0.2743,0.0308,0.0000e+00,4.5479e-09,2.2755e-08,1.3735
0.0585,-0.2756,0.0154,0.0000e+00,4.1154e-09,2.2837e-08,1.3925
0.0585,-0.2760,0.0000,0.0000e+00,3.3105e-09,2.2967e-08,1.4276
0.0585,-0.2756,-0.0154,0.0000e+00,2.5181e-09,2.3068e-08,1.4621
0.0585,-0.2743,-0.0308,0.0000e+00,-1.0736e-09,2.3180e-08,1.6171
0.0585,-0.2721,-0.0461,0.0000e+00,-1.6625e-09,2.3145e-08,1.6425
0.0585,-0.2587,-0.0961,0.0000e+00,-6.9137e-09,2.2151e-08,1.8733
0.0585,-0.2529,-0.1104,0.0000e+00,-6.3049e-09,2.2332e-08,1.8460
0.0585,-0.2464,-0.1244,0.0000e+00,-5.0760e-09,2.2643e-08,1.7913
0.0585,-0.2390,-0.1380,0.0000e+00,-4.2372e-09,2.2815e-08,1.7544
0.0585,-0.2309,-0.1512,0.0000e+00,-5.2100e-09,2.2612e-08,1.7973
0.0585,-0.2221,-0.1638,0.0000e+00,-1.2162e-09,2.3173e-08,1.6232
0.0585,-0.2126,-0.1760,0.0000e+00,-1.4166e-09,2.3162e-08,1.6319
0.0585,-0.1760,-0.2126,0.0000e+00,3.4385e-09,2.2949e-08,1.4221
0.0585,-0.1638,-0.2221,0.0000e+00,4.9453e-09,2.2672e-08,1.3560
0.0585,-0.1512,-0.2309,0.0000e+00,4.1059e-09,2.2839e-08,1.3929
0.0585,-0.1380,-0.2390,0.0000e+00,6.8238e-09,2.2179e-08,1.2723
0.0585,-0.1244,-0.2464,0.0000e+00,6.2785e-09,2.2339e-08,1.2968
0.0585,-0.1104,-0.2529,0.0000e+00,8.0594e-09,2.1760e-08,1.2161
0.0585,-0.0961,-0.2587,0.0000e+00,1.0271e-08,2.0808e-08,1.1123
0.0585,-0.0461,-0.2721,0.0000e+00,9.4488e-09,2.1194e-08,1.1514
0.0585,-0.0308,-0.2743,0.0000e+00,1.1037e-08,2.0412e-08,1.0751
0.0585,-0.0154,-0.2756,0.0000e+00,7.5782e-09,2.1932e-08,1.2381
0.0585,-0.0000,-0.2760,0.0000e+00,5.5877e-09,2.2522e-08,1.3276
0.0585,0.0154,-0.2756,0.0000e+00,3.4486e-09,2.2947e-08,1.4216
0.0585,0.0308,-0.2743,0.0000e+00,3.1928e-09,2.2984e-08,1.4328
0.0585,0.0461,-0.2721,0.0000e+00,7.0080e-10,2.3194e-08,1.5406
0.0585,0.0961,-0.2587,0.0000e+00,-6.2235e-09,2.2355e-08,1.8423
0.0585,0.1104,-0.2529,0.0000e+00,-2.7326e-09,2.3043e-08,1.6888
0.0585,0.1244,-0.2464,0.0000e+00,-2.6644e-09,2.3051e-08,1.6859
0.0585,0.1380,-0.2390,0.0000e+00,-4.8715e-09,2.2688e-08,1.7823
0.0585,0.1512,-0.2309,0.0000e+00,-6.7197e-09,2.2211e-08,1.8646
0.0585,0.1638,-0.2221,0.0000e+00,-6.0483e-09,2.2403e-08,1.8345
0.0585,0.1760,-0.2126,0.0000e+00,-4.1501e-09,2.2831e-08,1.7506
0.0585,0.2126,-0.1760,0.0000e+00,-2.1844e-09,2.3102e-08,1.6651
0.0585,0.2221,-0.1638,0.0000e+00,-1.4609e-09,2.3159e-08,1.6338
0.0585,0.2309,-0.1512,0.0000e+00,1.0038e-10,2.3205e-08,1.5665
0.0585,0.2390,-0.1380,0.0000e+00,-1.0473e-10,2.3205e-08,1.5753
0.0585,0.2464,-0.1244,0.0000e+00,2.3720e-09,2.3083e-08,1.4684
0.0585,0.2529,-0.1104,0.0000e+00,2.6851e-09,2.3049e-08,1.4548
0.0585,0.2587,-0.0961,0.0000e+00,4.6284e-09,2.2739e-08,1.3700
0.1755,0.2721,-0.0461,0.0000e+00,8.5115e-09,2.1587e-08,1.1952
0.1755,0.2743,-0.0308,0.0000e+00,1.6994e-09,2.3142e-08,1.4975
0.1755,0.2756,-0.0154,0.0000e+00,-9.4979e-10,2.3185e-08,1.6117
0.1755,0.2760,0.0000,0.0000e+00,3.8017e-09,2.2891e-08,1.4062
0.1755,0.2756,0.0154,0.0000e+00,5.3282e-09,2.2585e-08,1.3391
0.1755,0.2743,0.0308,0.0000e+00,4.3093e-09,2.2801e-08,1.3840
0.1755,0.2721,0.0461,0.0000e+00,4.3227e-11,2.3205e-08,1.5689
0.1755,0.2587,0.0961,0.0000e+00,-1.7174e-09,2.3141e-08,1.6449
0.1755,0.2529,0.1104,0.0000e+00,1.7430e-09,2.3139e-08,1.4956
0.1755,0.2464,0.1244,0.0000e+00,4.0316e-09,2.2852e-08,1.3962
0.1755,0.2390,0.1380,0.0000e+00,-8.6152e-10,2.3189e-08,1.6079
0.1755,0.2309,0.1512,0.0000e+00,4.4151e-09,2.2781e-08,1.3794
0.1755,0.2221,0.1638,0.0000e+00,2.4260e-09,2.3078e-08,1.4661
0.1755,0.2126,0.1760,0.0000e+00,1.7746e-09,2.3137e-08,1.4942
0.1755,0.1760,0.2126,0.0000e+00,4.2535e-09,2.2812e-08,1.3865
0.1755,0.1638,0.2221,0.0000e+00,5.4281e-09,2.2561e-08,1.3347
0.1755,0.1512,0.2309,0.0000e+00,3.8319e-09,2.2886e-08,1.4049
0.1755,0.1380,0.2390,0.0000e+00,5.2012e-09,2.2614e-08,1.3447
0.1755,0.1244,0.2464,0.0000e+00,5.2740e-09,2.2598e-08,1.3415
0.1755,0.1104,0.2529,0.0000e+00,5.7418e-09,2.2483e-08,1.3208
0.1755,0.0961,0.2587,0.0000e+00,4.9146e-09,2.2678e-08,1.3574
0.1755,0.0461,0.2721,0.0000e+00,7.3923e-10,2.3193e-08,1.5389
0.1755,0.0308,0.2743,0.0000e+00,7.3616e-09,2.2006e-08,1.2480
0.1755,0.0154,0.2756,0.0000e+00,2.2974e-08,3.2619e-09,0.1410
0.1755,0.0000,0.2760,0.0000e+00,-7.3497e-09,2.2010e-08,1.8931
0.1755,-0.0154,0.2756,0.0000e+00,-1.9324e-09,2.3124e-08,1.6542
0.1755,-0.0308,0.2743,0.0000e+00,-1.1638e-09,2.3176e-08,1.6210
0.1755,-0.0461,0.2721,0.0000e+00,-8.7122e-09,2.1507e-08,1.9557
0.1755,-0.0961,0.2587,0.0000e+00,-7.3814e-09,2.1999e-08,1.8945
0.1755,-0.1104,0.2529,0.0000e+00,-2.2746e-09,2.3093e-08,1.6690
0.1755,-0.1244,0.2464,0.0000e+00,-2.8182e-09,2.3033e-08,1.6925
0.1755,-0.1380,0.2390,0.0000e+00,-2.1106e-09,2.3109e-08,1.6619
0.1755,-0.1512,0.2309,0.0000e+00,-2.4897e-09,2.3071e-08,1.6783
0.1755,-0.1638,0.2221,0.0000e+00,-5.7201e-10,2.3198e-08,1.5954
0.1755,-0.1760,0.2126,0.0000e+00,-6.4787e-10,2.3196e-08,1.5987
0.1755,-0.2126,0.1760,0.0000e+00,6.0384e-09,2.2405e-08,1.3075
0.1755,-0.2221,0.1638,0.0000e+00,5.8965e-09,2.2443e-08,1.3139
0.1755,-0.2309,0.1512,0.0000e+00,4.1872e-09,2.2824e-08,1.3894
0.1755,-0.2390,0.1380,0.0000e+00,8.4808e-09,2.1600e-08,1.1967
0.1755,-0.2464,0.1244,0.0000e+00,8.9465e-09,2.1411e-08,1.1750
0.1755,-0.2529,0.1104,0.0000e+00,8.1651e-09,2.1721e-08,1.2112
0.1755,-0.2587,0.0961,0.0000e+00,1.1524e-08,2.0141e-08,1.0511
0.1755,-0.2721,0.0461,0.0000e+00,9.6919e-09,2.1084e-08,1.1399
0.1755,-0.2743,0.0308,0.0000e+00,2.3072e-08,2.4798e-09,0.1071
0.1755,-0.2756,0.0154,0.0000e+00,1.7420e-09,2.3139e-08,1.4957
0.1755,-0.2760,0.0000,0.0000e+00,2.7751e-09,2.3038e-08,1.4509
0.1755,-0.2756,-0.0154,0.0000e+00,8.0494e-10,2.3191e-08,1.5361
0.1755,-0.2743,-0.0308,0.0000e+00,-1.2198e-09,2.3173e-08,1.6234
0.1755,-0.2721,-0.0461,0.0000e+00,-2.8502e-09,2.3029e-08,1.6939
0.1755,-0.2587,-0.0961,0.0000e+00,-9.0875e-09,2.1351e-08,1.9732
0.1755,-0.2529,-0.1104,0.0000e+00,-6.1515e-09,2.2375e-08,1.8391
0.1755,-0.2464,-0.1244,0.0000e+00,-5.0015e-09,2.2659e-08,1.7880
0.1755,-0.2390,-0.1380,0.0000e+00,-6.0240e-09,2.2409e-08,1.8334
0.1755,-0.2309,-0.1512,0.0000e+00,-8.3608e-09,2.1646e-08,1.9394
0.1755,-0.2221,-0.1638,0.0000e+00,-1.8593e-09,2.3130e-08,1.6510
0.1755,-0.2126,-0.1760,0.0000e+00,-3.0390e-09,2.3005e-08,1.7021
0.1755,-0.1760,-0.2126,0.0000e+00,-2.2793e-10,2.3204e-08,1.5806
0.1755,-0.1638,-0.2221,0.0000e+00,-2.7469e-09,2.3042e-08,1.6895
0.1755,-0.1512,-0.2309,0.0000e+00,1.5068e-11,2.3205e-08,1.5701
0.1755,-0.1380,-0.2390,0.0000e+00,1.3359e-09,2.3166e-08,1.5132
0.1755,-0.1244,-0.2464,0.0000e+00,4.3305e-09,2.2797e-08,1.3831
0.1755,-0.1104,-0.2529,0.0000e+00,1.0441e-08,2.0723e-08,1.1041
0.1755,-0.0961,-0.2587,0.0000e+00,8.4231e-09,2.1622e-08,1.1993
0.1755,-0.0461,-0.2721,0.0000e+00,1.3619e-08,1.8788e-08,0.9435
0.1755,-0.0308,-0.2743,0.0000e+00,1.4832e-08,1.7846e-08,0.8773
0.1755,-0.0154,-0.2756,0.0000e+00,1.1618e-08,2.0087e-08,1.0464
0.1755,-0.0000,-0.2760,0.0000e+00,1.5058e-08,1.7656e-08,0.8646
0.1755,0.0154,-0.2756,0.0000e+00,9.0979e-09,2.1347e-08,1.1679
0.1755,0.0308,-0.2743,0.0000e+00,9.9234e-09,2.0976e-08,1.1289
0.1755,0.0461,-0.2721,0.0000e+00,5.7783e-09,2.2474e-08,1.3191
0.1755,0.0961,-0.2587,0.0000e+00,2.7663e-09,2.3039e-08,1.4513
0.1755,0.1104,-0.2529,0.0000e+00,3.9996e-10,2.3201e-08,1.5536
0.1755,0.1244,-0.2464,0.0000e+00,2.3706e-09,2.3083e-08,1.4685
0.1755,0.1380,-0.2390,0.0000e+00,1.8062e-09,2.3134e-08,1.4929
0.1755,0.1512,-0.2309,0.0000e+00,2.4951e-09,2.3070e-08,1.4631
0.1755,0.1638,-0.2221,0.0000e+00,1.4664e-09,2.3158e-08,1.5076
0.1755,0.1760,-0.2126,0.0000e+00,2.1053e-09,2.3109e-08,1.4799
0.1755,0.2126,-0.1760,0.0000e+00,9.1783e-10,2.3187e-08,1.5312
0.1755,0.2221,-0.1638,0.0000e+00,1.8114e-09,2.3134e-08,1.4927
0.1755,0.2309,-0.1512,0.0000e+00,2.0436e-09,2.3115e-08,1.4826
0.1755,0.2390,-0.1380,0.0000e+00,-1.7370e-09,2.3140e-08,1.6457
0.1755,0.2464,-0.1244,0.0000e+00,4.1958e-09,2.2822e-08,1.3890
0.1755,0.2529,-0.1104,0.0000e+00,2.5586e-09,2.3063e-08,1.4603
0.1755,0.2587,-0.0961,0.0000e+00,9.3629e-09,2.1232e-08,1.1555
