x[m],y[m],z[m],dirx[m^2A],diry[m^2A],dirz[m^2A],rotation_xy[rad]
-0.1755,0.2721,-0.0461,0.0000e+00,-2.3109e-08,2.1027e-09,9.3340
-0.1755,0.2743,-0.0308,0.0000e+00,4.2204e-09,2.2818e-08,1.3879
-0.1755,0.2756,-0.0154,0.0000e+00,-2.0325e-08,1.1197e-08,2.6381
-0.1755,0.2760,0.0000,0.0000e+00,4.0411e-09,2.2850e-08,1.3958
-0.1755,0.2756,0.0154,0.0000e+00,2.6435e-09,2.3054e-08,1.4566
-0.1755,0.2743,0.0308,0.0000e+00,4.7346e-10,2.3200e-08,1.5504
-0.1755,0.2721,0.0461,0.0000e+00,2.4248e-09,2.3078e-08,1.4661
-0.1755,0.2587,0.0961,0.0000e+00,1.7948e-09,2.3135e-08,1.4934
-0.1755,0.2529,0.1104,0.0000e+00,4.2090e-10,2.3201e-08,1.5527
-0.1755,0.2464,0.1244,0.0000e+00,2.0926e-10,2.3204e-08,1.5618
-0.1755,0.2390,0.1380,0.0000e+00,8.9894e-10,2.3187e-08,1.5320
-0.1755,0.2309,0.1512,0.0000e+00,1.6653e-09,2.3145e-08,1.4990
-0.1755,0.2221,0.1638,0.0000e+00,9.2673e-10,2.3186e-08,1.5308
-0.1755,0.2126,0.1760,0.0000e+00,1.5744e-09,2.3151e-08,1.5029
-0.1755,0.1760,0.2126,0.0000e+00,7.1280e-10,2.3194e-08,1.5401
-0.1755,0.1638,0.2221,0.0000e+00,1.4319e-09,2.3161e-08,1.5091
-0.1755,0.1512,0.2309,0.0000e+00,3.6626e-10,2.3202e-08,1.5550
-0.1755,0.1380,0.2390,0.0000e+00,1.2864e-09,2.3169e-08,1.5153
-0.1755,0.1244,0.2464,0.0000e+00,1.5529e-09,2.3153e-08,1.5038
-0.1755,0.1104,0.2529,0.0000e+00,3.2397e-09,2.2978e-08,1.4307
-0.1755,0.0961,0.2587,0.0000e+00,2.6563e-09,2.3052e-08,1.4561
-0.1755,0.0461,0.2721,0.0000e+00,4.0010e-10,2.3201e-08,1.5536
-0.1755,0.0308,0.2743,0.0000e+00,1.7267e-09,2.3140e-08,1.4963
-0.1755,0.0154,0.2756,0.0000e+00,3.3535e-09,2.2961e-08,1.4258
-0.1755,0.0000,0.2760,0.0000e+00,-1.0066e-09,2.3183e-08,1.6142
-0.1755,-0.0154,0.2756,0.0000e+00,2.3200e-08,4.4780e-10,0.0193
-0.1755,-0.0308,0.2743,0.0000e+00,2.3269e-10,2.3204e-08,1.5608
-0.1755,-0.0461,0.2721,0.0000e+00,1.5388e-09,2.3154e-08,1.5044
-0.1755,-0.0961,0.2587,0.0000e+00,1.7867e-09,2.3136e-08,1.4937
-0.1755,-0.1104,0.2529,0.0000e+00,8.0222e-10,2.3191e-08,1.5362
-0.1755,-0.1244,0.2464,0.0000e+00,1.4099e-09,2.3162e-08,1.5100
-0.1755,-0.1380,0.2390,0.0000e+00,1.5575e-09,2.3152e-08,1.5036
-0.1755,-0.1512,0.2309,0.0000e+00,2.5618e-09,2.3063e-08,1.4602
-0.1755,-0.1638,0.2221,0.0000e+00,1.2320e-09,2.3172e-08,1.5177
-0.1755,-0.1760,0.2126,0.0000e+00,2.3358e-09,2.3087e-08,1.4700
-0.1755,-0.2126,0.1760,0.0000e+00,1.4437e-09,2.3160e-08,1.5085
-0.1755,-0.2221,0.1638,0.0000e+00,1.0196e-09,2.3182e-08,1.5268
-0.1755,-0.2309,0.1512,0.0000e+00,2.8370e-09,2.3031e-08,1.4482
-0.1755,-0.2390,0.1380,0.0000e+00,3.2847e-09,2.2971e-08,1.4288
-0.1755,-0.2464,0.1244,0.0000e+00,3.4225e-09,2.2951e-08,1.4228
-0.1755,-0.2529,0.1104,0.0000e+00,2.4940e-09,2.3070e-08,1.4631
-0.1755,-0.2587,0.0961,0.0000e+00,2.1370e-09,2.3106e-08,1.4786
-0.1755,-0.2721,0.0461,0.0000e+00,2.3169e-08,1.2937e-09,0.0558
-0.1755,-0.2743,0.0308,0.0000e+00,1.8166e-09,2.3134e-08,1.4924
-0.1755,-0.2756,0.0154,0.0000e+00,-1.6180e-09,2.3148e-08,1.6406
-0.1755,-0.2760,0.0000,0.0000e+00,1.4821e-08,1.7855e-08,0.8780
-0.1755,-0.2756,-0.0154,0.0000e+00,1.3584e-09,2.3165e-08,1.5122
-0.1755,-0.2743,-0.0308,0.0000e+00,-1.4457e-09,2.3160e-08,1.6331
-0.1755,-0.2721,-0.0461,0.0000e+00,-1.8929e-10,2.3204e-08,1.5790
-0.1755,-0.2587,-0.0961,0.0000e+00,4.2639e-10,2.3201e-08,1.5524
-0.1755,-0.2529,-0.1104,0.0000e+00,-6.1871e-10,2.3197e-08,1.5975
-0.1755,-0.2464,-0.1244,0.0000e+00,5.2787e-10,2.3199e-08,1.5480
-0.1755,-0.2390,-0.1380,0.0000e+00,4.1766e-10,2.3201e-08,1.5528
-0.1755,-0.2309,-0.1512,0.0000e+00,8.3467e-10,2.3190e-08,1.5348
-0.1755,-0.2221,-0.1638,0.0000e+00,1.5723e-09,2.3151e-08,1.5030
-0.1755,-0.2126,-0.1760,0.0000e+00,9.4820e-10,2.3185e-08,1.5299
-0.1755,-0.1760,-0.2126,0.0000e+00,1.8164e-09,2.3134e-08,1.4924
-0.1755,-0.1638,-0.2221,0.0000e+00,2.1748e-09,2.3103e-08,1.4769
-0.1755,-0.1512,-0.2309,0.0000e+00,2.2025e-09,2.3100e-08,1.4757
-0.1755,-0.1380,-0.2390,0.0000e+00,2.7358e-09,2.3043e-08,1.4526
-0.1755,-0.1244,-0.2464,0.0000e+00,1.8541e-09,2.3131e-08,1.4908
-0.1755,-0.1104,-0.2529,0.0000e+00,2.2340e-09,2.3097e-08,1.4744
-0.1755,-0.0961,-0.2587,0.0000e+00,3.4044e-09,2.2954e-08,1.4236
-0.1755,-0.0461,-0.2721,0.0000e+00,4.4598e-09,2.2772e-08,1.3774
-0.1755,-0.0308,-0.2743,0.0000e+00,-7.2094e-09,2.2056e-08,1.8867
-0.1755,-0.0154,-0.2756,0.0000e+00,-7.2763e-09,2.2034e-08,1.8897
-0.1755,-0.0000,-0.2760,0.0000e+00,3.2635e-09,2.2974e-08,1.4297
-0.1755,0.0154,-0.2756,0.0000e+00,5.0463e-09,2.2649e-08,1.3516
-0.1755,0.0308,-0.2743,0.0000e+00,1.8214e-09,2.3133e-08,1.4922
-0.1755,0.0461,-0.2721,0.0000e+00,1.7857e-09,2.3136e-08,1.4938
-0.1755,0.0961,-0.2587,0.0000e+00,6.8231e-10,2.3195e-08,1.5414
-0.1755,0.1104,-0.2529,0.0000e+00,1.6242e-09,2.3148e-08,1.5007
-0.1755,0.1244,-0.2464,0.0000e+00,5.4124e-10,2.3198e-08,1.5475
-0.1755,0.1380,-0.2390,0.0000e+00,1.8807e-09,2.3128e-08,1.4897
-0.1755,0.1512,-0.2309,0.0000e+00,1.2932e-09,2.3169e-08,1.5150
-0.1755,0.1638,-0.2221,0.0000e+00,-2.3225e-10,2.3204e-08,1.5808
-0.1755,0.1760,-0.2126,0.0000e+00,1.0156e-09,2.3183e-08,1.5270
-0.1755,0.2126,-0.1760,0.0000e+00,1.6989e-09,2.3143e-08,1.4975
-0.1755,0.2221,-0.1638,0.0000e+00,1.4965e-09,2.3156e-08,1.5063
-0.1755,0.2309,-0.1512,0.0000e+00,2.6382e-09,2.3054e-08,1.4569
-0.1755,0.2390,-0.1380,0.0000e+00,3.0792e-09,2.3000e-08,1.4377
-0.1755,0.2464,-0.1244,0.0000e+00,2.5643e-09,2.3063e-08,1.4601
-0.1755,0.2529,-0.1104,0.0000e+00,2.3934e-09,2.3081e-08,1.4675
-0.1755,0.2587,-0.0961,0.0000e+00,2.8169e-09,2.3033e-08,1.4491
-0.0585,0.2721,-0.0461,0.0000e+00,3.4642e-09,2.2945e-08,1.4209
-0.0585,0.2743,-0.0308,0.0000e+00,4.0070e-09,2.2856e-08,1.3972
-0.0585,0.2756,-0.0154,0.0000e+00,4.7317e-09,2.2717e-08,1.3654
-0.0585,0.2760,0.0000,0.0000e+00,3.5690e-09,2.2929e-08,1.4164
-0.0585,0.2756,0.0154,0.0000e+00,1.8701e-09,2.3129e-08,1.4901
-0.0585,0.2743,0.0308,0.0000e+00,1.3001e-09,2.3168e-08,1.5147
-0.0585,0.2721,0.0461,0.0000e+00,6.0712e-10,2.3197e-08,1.5446
-0.0585,0.2587,0.0961,0.0000e+00,8.2184e-10,2.3190e-08,1.5354
-0.0585,0.2529,0.1104,0.0000e+00,3.7042e-10,2.3202e-08,1.5548
-0.0585,0.2464,0.1244,0.0000e+00,4.9848e-10,2.3199e-08,1.5493
-0.0585,0.2390,0.1380,0.0000e+00,4.4645e-10,2.3200e-08,1.5516
-0.0585,0.2309,0.1512,0.0000e+00,6.7937e-10,2.3195e-08,1.5415
-0.0585,0.2221,0.1638,0.0000e+00,1.2493e-09,2.3171e-08,1.5169
-0.0585,0.2126,0.1760,0.0000e+00,1.1787e-09,2.3175e-08,1.5200
-0.0585,0.1760,0.2126,0.0000e+00,1.5333e-09,2.3154e-08,1.5047
-0.0585,0.1638,0.2221,0.0000e+00,2.3223e-09,2.3088e-08,1.4706
-0.0585,0.1512,0.2309,0.0000e+00,1.7146e-09,2.3141e-08,1.4968
-0.0585,0.1380,0.2390,0.0000e+00,2.5191e-09,2.3068e-08,1.4620
-0.0585,0.1244,0.2464,0.0000e+00,2.8158e-09,2.3033e-08,1.4492
-0.0585,0.1104,0.2529,0.0000e+00,2.4067e-09,2.3080e-08,1.4669
-0.0585,0.0961,0.2587,0.0000e+00,2.5562e-09,2.3064e-08,1.4604
-0.0585,0.0461,0.2721,0.0000e+00,2.5302e-09,2.3066e-08,1.4615
-0.0585,0.0308,0.2743,0.0000e+00,1.9899e-09,2.3119e-08,1.4849
-0.0585,0.0154,0.2756,0.0000e+00,1.3756e-09,2.3164e-08,1.5115
-0.0585,0.0000,0.2760,0.0000e+00,3.5232e-10,2.3202e-08,1.5556
-0.0585,-0.0154,0.2756,0.0000e+00,1.3004e-09,2.3168e-08,1.5147
-0.0585,-0.0308,0.2743,0.0000e+00,7.0283e-11,2.3205e-08,1.5678
-0.0585,-0.0461,0.2721,0.0000e+00,1.4731e-10,2.3204e-08,1.5644
-0.0585,-0.0961,0.2587,0.0000e+00,1.2061e-09,2.3173e-08,1.5188
-0.0585,-0.1104,0.2529,0.0000e+00,1.5206e-09,2.3155e-08,1.5052
-0.0585,-0.1244,0.2464,0.0000e+00,1.1371e-09,2.3177e-08,1.5218
-0.0585,-0.1380,0.2390,0.0000e+00,1.3539e-09,2.3165e-08,1.5124
-0.0585,-0.1512,0.2309,0.0000e+00,1.5673e-09,2.3152e-08,1.5032
-0.0585,-0.1638,0.2221,0.0000e+00,2.2257e-09,2.3098e-08,1.4747
-0.0585,-0.1760,0.2126,0.0000e+00,2.4307e-09,2.3077e-08,1.4659
-0.0585,-0.2126,0.1760,0.0000e+00,2.9538e-09,2.3016e-08,1.4432
-0.0585,-0.2221,0.1638,0.0000e+00,3.0713e-09,2.3001e-08,1.4381
-0.0585,-0.2309,0.1512,0.0000e+00,3.5755e-09,2.2928e-08,1.4161
-0.0585,-0.2390,0.1380,0.0000e+00,3.8175e-09,2.2889e-08,1.4055
-0.0585,-0.2464,0.1244,0.0000e+00,3.2970e-09,2.2969e-08,1.4282
-0.0585,-0.2529,0.1104,0.0000e+00,3.7741e-09,2.2896e-08,1.4074
-0.0585,-0.2587,0.0961,0.0000e+00,3.9375e-09,2.2868e-08,1.4003
-0.0585,-0.2721,0.0461,0.0000e+00,3.3210e-09,2.2966e-08,1.4272
-0.0585,-0.2743,0.0308,0.0000e+00,3.4059e-09,2.2953e-08,1.4235
-0.0585,-0.2756,0.0154,0.0000e+00,1.9018e-09,2.3127e-08,1.4887
-0.0585,-0.2760,0.0000,0.0000e+00,6.9489e-10,2.3194e-08,1.5408
-0.0585,-0.2756,-0.0154,0.0000e+00,8.9363e-10,2.3188e-08,1.5323
-0.0585,-0.2743,-0.0308,0.0000e+00,1.7660e-10,2.3204e-08,1.5632
-0.0585,-0.2721,-0.0461,0.0000e+00,-3.4300e-10,2.3202e-08,1.5856
-0.0585,-0.2587,-0.0961,0.0000e+00,-5.6712e-10,2.3198e-08,1.5952
-0.0585,-0.2529,-0.1104,0.0000e+00,-6.0017e-10,2.3197e-08,1.5967
-0.0585,-0.2464,-0.1244,0.0000e+00,4.0770e-10,2.3201e-08,1.5532
-0.0585,-0.2390,-0.1380,0.0000e+00,1.4227e-10,2.3204e-08,1.5647
-0.0585,-0.2309,-0.1512,0.0000e+00,5.5158e-10,2.3198e-08,1.5470
-0.0585,-0.2221,-0.1638,0.0000e+00,9.2295e-10,2.3186e-08,1.5310
-0.0585,-0.2126,-0.1760,0.0000e+00,5.9630e-10,2.3197e-08,1.5451
-0.0585,-0.1760,-0.2126,0.0000e+00,1.4467e-09,2.3160e-08,1.5084
-0.0585,-0.1638,-0.2221,0.0000e+00,1.8685e-09,2.3129e-08,1.4902
-0.0585,-0.1512,-0.2309,0.0000e+00,3.2318e-09,2.2979e-08,1.4311
-0.0585,-0.1380,-0.2390,0.0000e+00,2.7419e-09,2.3042e-08,1.4524
-0.0585,-0.1244,-0.2464,0.0000e+00,2.4444e-09,2.3076e-08,1.4653
-0.0585,-0.1104,-0.2529,0.0000e+00,3.7441e-09,2.2901e-08,1.4087
-0.0585,-0.0961,-0.2587,0.0000e+00,3.4857e-09,2.2941e-08,1.4200
-0.0585,-0.0461,-0.2721,0.0000e+00,3.8538e-09,2.2883e-08,1.4039
-0.0585,-0.0308,-0.2743,0.0000e+00,4.5619e-09,2.2752e-08,1.3729
-0.0585,-0.0154,-0.2756,0.0000e+00,3.5488e-09,2.2932e-08,1.4173
-0.0585,-0.0000,-0.2760,0.0000e+00,3.0468e-09,2.3004e-08,1.4391
-0.0585,0.0154,-0.2756,0.0000e+00,2.2450e-09,2.3096e-08,1.4739
-0.0585,0.0308,-0.2743,0.0000e+00,5.3370e-10,2.3199e-08,1.5478
-0.0585,0.0461,-0.2721,0.0000e+00,6.8654e-10,2.3195e-08,1.5412
-0.0585,0.0961,-0.2587,0.0000e+00,4.4659e-10,2.3200e-08,1.5515
-0.0585,0.1104,-0.2529,0.0000e+00,2.9689e-10,2.3203e-08,1.5580
-0.0585,0.1244,-0.2464,0.0000e+00,-2.0712e-10,2.3204e-08,1.5797
-0.0585,0.1380,-0.2390,0.0000e+00,-4.9955e-10,2.3199e-08,1.5923
-0.0585,0.1512,-0.2309,0.0000e+00,3.9405e-10,2.3201e-08,1.5538
-0.0585,0.1638,-0.2221,0.0000e+00,-8.2078e-11,2.3205e-08,1.5743
-0.0585,0.1760,-0.2126,0.0000e+00,7.3485e-10,2.3193e-08,1.5391
-0.0585,0.2126,-0.1760,0.0000e+00,1.2957e-09,2.3169e-08,1.5149
-0.0585,0.2221,-0.1638,0.0000e+00,1.8958e-09,2.3127e-08,1.4890
-0.0585,0.2309,-0.1512,0.0000e+00,2.0761e-09,2.3112e-08,1.4812
-0.0585,0.2390,-0.1380,0.0000e+00,2.0614e-09,2.3113e-08,1.4818
-0.0585,0.2464,-0.1244,0.0000e+00,1.9686e-09,2.3121e-08,1.4859
-0.0585,0.2529,-0.1104,0.0000e+00,2.6362e-09,2.3055e-08,1.4569
-0.0585,0.2587,-0.0961,0.0000e+00,3.1164e-09,2.2995e-08,1.4361
0.0585,0.2721,-0.0461,0.0000e+00,3.1872e-09,2.2985e-08,1.4330
0.0585,0.2743,-0.0308,0.0000e+00,3.4064e-09,2.2953e-08,1.4235
0.0585,0.2756,-0.0154,0.0000e+00,2.9641e-09,2.3015e-08,1.4427
0.0585,0.2760,0.0000,0.0000e+00,3.0325e-09,2.3006e-08,1.4397
0.0585,0.2756,0.0154,0.0000e+00,2.9915e-09,2.3011e-08,1.4415
0.0585,0.2743,0.0308,0.0000e+00,1.9393e-09,2.3124e-08,1.4871
0.0585,0.2721,0.0461,0.0000e+00,1.4616e-09,2.3159e-08,1.5078
0.0585,0.2587,0.0961,0.0000e+00,1.0195e-09,2.3182e-08,1.5268
0.0585,0.2529,0.1104,0.0000e+00,1.2075e-09,2.3173e-08,1.5187
0.0585,0.2464,0.1244,0.0000e+00,8.9103e-10,2.3188e-08,1.5324
0.0585,0.2390,0.1380,0.0000e+00,1.4189e-09,2.3161e-08,1.5096
0.0585,0.2309,0.1512,0.0000e+00,1.4577e-09,2.3159e-08,1.5079
0.0585,0.2221,0.1638,0.0000e+00,1.2306e-09,2.3172e-08,1.5177
0.0585,0.2126,0.1760,0.0000e+00,1.9068e-09,2.3126e-08,1.4885
0.0585,0.1760,0.2126,0.0000e+00,1.8888e-09,2.3128e-08,1.4893
0.0585,0.1638,0.2221,0.0000e+00,2.1160e-09,2.3108e-08,1.4795
0.0585,0.1512,0.2309,0.0000e+00,2.5587e-09,2.3063e-08,1.4603
0.0585,0.1380,0.2390,0.0000e+00,2.7930e-09,2.3036e-08,1.4501
0.0585,0.1244,0.2464,0.0000e+00,3.0533e-09,2.3003e-08,1.4388
0.0585,0.1104,0.2529,0.0000e+00,2.9038e-09,2.3022e-08,1.4453
0.0585,0.0961,0.2587,0.0000e+00,3.0255e-09,2.3007e-08,1.4400
0.0585,0.0461,0.2721,0.0000e+00,1.9493e-09,2.3123e-08,1.4867
0.0585,0.0308,0.2743,0.0000e+00,1.4132e-09,2.3162e-08,1.5099
0.0585,0.0154,0.2756,0.0000e+00,1.2078e-09,2.3173e-08,1.5187
0.0585,0.0000,0.2760,0.0000e+00,1.2892e-09,2.3169e-08,1.5152
0.0585,-0.0154,0.2756,0.0000e+00,8.7077e-10,2.3188e-08,1.5333
0.0585,-0.0308,0.2743,0.0000e+00,-2.2993e-10,2.3204e-08,1.5807
0.0585,-0.0461,0.2721,0.0000e+00,-4.8303e-10,2.3200e-08,1.5916
0.0585,-0.0961,0.2587,0.0000e+00,7.3920e-10,2.3193e-08,1.5389
0.0585,-0.1104,0.2529,0.0000e+00,3.1125e-10,2.3203e-08,1.5574
0.0585,-0.1244,0.2464,0.0000e+00,7.1429e-10,2.3194e-08,1.5400
0.0585,-0.1380,0.2390,0.0000e+00,1.3604e-09,2.3165e-08,1.5121
0.0585,-0.1512,0.2309,0.0000e+00,8.8830e-10,2.3188e-08,1.5325
0.0585,-0.1638,0.2221,0.0000e+00,1.7232e-09,2.3141e-08,1.4965
0.0585,-0.1760,0.2126,0.0000e+00,1.9382e-09,2.3124e-08,1.4872
0.0585,-0.2126,0.1760,0.0000e+00,2.3257e-09,2.3088e-08,1.4704
0.0585,-0.2221,0.1638,0.0000e+00,2.8986e-09,2.3023e-08,1.4456
0.0585,-0.2309,0.1512,0.0000e+00,3.0475e-09,2.3004e-08,1.4391
0.0585,-0.2390,0.1380,0.0000e+00,3.2234e-09,2.2980e-08,1.4314
0.0585,-0.2464,0.1244,0.0000e+00,3.9155e-09,2.2872e-08,1.4012
0.0585,-0.2529,0.1104,0.0000e+00,4.5417e-09,2.2756e-08,1.3738
0.0585,-0.2587,0.0961,0.0000e+00,3.3549e-09,2.2961e-08,1.4257
0.0585,-0.2721,0.0461,0.0000e+00,3.9583e-09,2.2865e-08,1.3994
0.0585,-0.2743,0.0308,0.0000e+00,2.8500e-09,2.3029e-08,1.4477
0.0585,-0.2756,0.0154,0.0000e+00,2.6826e-09,2.3049e-08,1.4549
0.0585,-0.2760,0.0000,0.0000e+00,2.2260e-09,2.3098e-08,1.4747
0.0585,-0.2756,-0.0154,0.0000e+00,1.5131e-09,2.3155e-08,1.5055
0.0585,-0.2743,-0.0308,0.0000e+00,9.3719e-10,2.3186e-08,1.5304
0.0585,-0.2721,-0.0461,0.0000e+00,6.0304e-10,2.3197e-08,1.5448
0.0585,-0.2587,-0.0961,0.0000e+00,-5.8820e-10,2.3197e-08,1.5961
0.0585,-0.2529,-0.1104,0.0000e+00,-3.6176e-10,2.3202e-08,1.5864
0.0585,-0.2464,-0.1244,0.0000e+00,-1.2890e-10,2.3204e-08,1.5764
0.0585,-0.2390,-0.1380,0.0000e+00,3.5319e-10,2.3202e-08,1.5556
0.0585,-0.2309,-0.1512,0.0000e+00,-5.5179e-11,2.3205e-08,1.5732
0.0585,-0.2221,-0.1638,0.0000e+00,4.6756e-10,2.3200e-08,1.5506
0.0585,-0.2126,-0.1760,0.0000e+00,5.9118e-10,2.3197e-08,1.5453
0.0585,-0.1760,-0.2126,0.0000e+00,1.6841e-09,2.3144e-08,1.4982
0.0585,-0.1638,-0.2221,0.0000e+00,2.0474e-09,2.3114e-08,1.4824
0.0585,-0.1512,-0.2309,0.0000e+00,2.4989e-09,2.3070e-08,1.4629
0.0585,-0.1380,-0.2390,0.0000e+00,2.7348e-09,2.3043e-08,1.4527
0.0585,-0.1244,-0.2464,0.0000e+00,2.2696e-09,2.3094e-08,1.4728
0.0585,-0.1104,-0.2529,0.0000e+00,2.8378e-09,2.3031e-08,1.4482
0.0585,-0.0961,-0.2587,0.0000e+00,4.3698e-09,2.2790e-08,1.3814
0.0585,-0.0461,-0.2721,0.0000e+00,3.7886e-09,2.2893e-08,1.4068
0.0585,-0.0308,-0.2743,0.0000e+00,4.5449e-09,2.2755e-08,1.3737
0.0585,-0.0154,-0.2756,0.0000e+00,4.0334e-09,2.2852e-08,1.3961
0.0585,-0.0000,-0.2760,0.0000e+00,4.5438e-09,2.2756e-08,1.3737
0.0585,0.0154,-0.2756,0.0000e+00,3.6350e-09,2.2918e-08,1.4135
0.0585,0.0308,-0.2743,0.0000e+00,3.1857e-09,2.2985e-08,1.4331
0.0585,0.0461,-0.2721,0.0000e+00,1.3556e-09,2.3165e-08,1.5123
0.0585,0.0961,-0.2587,0.0000e+00,3.8168e-10,2.3202e-08,1.5543
0.0585,0.1104,-0.2529,0.0000e+00,2.4610e-10,2.3203e-08,1.5602
0.0585,0.1244,-0.2464,0.0000e+00,8.4347e-10,2.3189e-08,1.5344
0.0585,0.1380,-0.2390,0.0000e+00,1.6997e-10,2.3204e-08,1.5635
0.0585,0.1512,-0.2309,0.0000e+00,7.7285e-11,2.3205e-08,1.5675
0.0585,0.1638,-0.2221,0.0000e+00,3.7663e-10,2.3202e-08,1.5546
0.0585,0.1760,-0.2126,0.0000e+00,3.6565e-11,2.3205e-08,1.5692
0.0585,0.2126,-0.1760,0.0000e+00,6.1566e-10,2.3197e-08,1.5443
0.0585,0.2221,-0.1638,0.0000e+00,1.4294e-09,2.3161e-08,1.5092
0.0585,0.2309,-0.1512,0.0000e+00,1.5080e-09,2.3156e-08,1.5058
0.0585,0.2390,-0.1380,0.0000e+00,1.9503e-09,2.3123e-08,1.4867
0.0585,0.2464,-0.1244,0.0000e+00,2.7363e-09,2.3043e-08,1.4526
0.0585,0.2529,-0.1104,0.0000e+00,2.3349e-09,2.3087e-08,1.4700
0.0585,0.2587,-0.0961,0.0000e+00,2.5941e-09,2.3059e-08,1.4588
0.1755,0.2721,-0.0461,0.0000e+00,3.4319e-09,2.2950e-08,1.4224
0.1755,0.2743,-0.0308,0.0000e+00,9.5917e-10,2.3185e-08,1.5294
0.1755,0.2756,-0.0154,0.0000e+00,3.8691e-09,2.2880e-08,1.4033
0.1755,0.2760,0.0000,0.0000e+00,2.7230e-09,2.3044e-08,1.4532
0.1755,0.2756,0.0154,0.0000e+00,2.3546e-09,2.3085e-08,1.4692
0.1755,0.2743,0.0308,0.0000e+00,1.0371e-09,2.3182e-08,1.5261
0.1755,0.2721,0.0461,0.0000e+00,1.4096e-09,2.3162e-08,1.5100
0.1755,0.2587,0.0961,0.0000e+00,1.7580e-09,2.3138e-08,1.4950
0.1755,0.2529,0.1104,0.0000e+00,3.2251e-09,2.2980e-08,1.4314
0.1755,0.2464,0.1244,0.0000e+00,2.5846e-09,2.3060e-08,1.4592
0.1755,0.2390,0.1380,0.0000e+00,1.4044e-09,2.3162e-08,1.5102
0.1755,0.2309,0.1512,0.0000e+00,2.8693e-09,2.3027e-08,1.4468
0.1755,0.2221,0.1638,0.0000e+00,2.3146e-09,2.3089e-08,1.4709
0.1755,0.2126,0.1760,0.0000e+00,1.8629e-09,2.3130e-08,1.4904
0.1755,0.1760,0.2126,0.0000e+00,3.1530e-09,2.2990e-08,1.4345
0.1755,0.1638,0.2221,0.0000e+00,2.4953e-09,2.3070e-08,1.4631
0.1755,0.1512,0.2309,0.0000e+00,2.2518e-09,2.3095e-08,1.4736
0.1755,0.1380,0.2390,0.0000e+00,3.3279e-09,2.2965e-08,1.4269
0.1755,0.1244,0.2464,0.0000e+00,3.0414e-09,2.3005e-08,1.4393
0.1755,0.1104,0.2529,0.0000e+00,2.5396e-09,2.3065e-08,1.4611
0.1755,0.0961,0.2587,0.0000e+00,2.9030e-09,2.3022e-08,1.4454
0.1755,0.0461,0.2721,0.0000e+00,1.1261e-09,2.3177e-08,1.5222
0.1755,0.0308,0.2743,0.0000e+00,1.7759e-09,2.3137e-08,1.4942
0.1755,0.0154,0.2756,0.0000e+00,1.8893e-09,2.3128e-08,1.4893
0.1755,0.0000,0.2760,0.0000e+00,-1.4806e-09,2.3158e-08,1.6346
0.1755,-0.0154,0.2756,0.0000e+00,8.0992e-10,2.3191e-08,1.5359
0.1755,-0.0308,0.2743,0.0000e+00,2.4757e-09,2.3072e-08,1.4639
0.1755,-0.0461,0.2721,0.0000e+00,-5.2249e-10,2.3199e-08,1.5933
0.1755,-0.0961,0.2587,0.0000e+00,-3.0500e-10,2.3203e-08,1.5839
0.1755,-0.1104,0.2529,0.0000e+00,9.7411e-12,2.3205e-08,1.5704
0.1755,-0.1244,0.2464,0.0000e+00,3.6728e-10,2.3202e-08,1.5550
0.1755,-0.1380,0.2390,0.0000e+00,7.9574e-10,2.3191e-08,1.5365
0.1755,-0.1512,0.2309,0.0000e+00,-1.5091e-10,2.3204e-08,1.5773
0.1755,-0.1638,0.2221,0.0000e+00,1.2354e-09,2.3172e-08,1.5175
0.1755,-0.1760,0.2126,0.0000e+00,5.0422e-10,2.3199e-08,1.5491
0.1755,-0.2126,0.1760,0.0000e+00,2.1090e-09,2.3109e-08,1.4798
0.1755,-0.2221,0.1638,0.0000e+00,2.1541e-09,2.3105e-08,1.4778
0.1755,-0.2309,0.1512,0.0000e+00,2.0146e-09,2.3117e-08,1.4839
0.1755,-0.2390,0.1380,0.0000e+00,2.4442e-09,2.3076e-08,1.4653
0.1755,-0.2464,0.1244,0.0000e+00,3.5920e-09,2.2925e-08,1.4154
0.1755,-0.2529,0.1104,0.0000e+00,2.4960e-09,2.3070e-08,1.4630
0.1755,-0.2587,0.0961,0.0000e+00,3.7214e-09,2.2904e-08,1.4097
0.1755,-0.2721,0.0461,0.0000e+00,4.2878e-09,2.2805e-08,1.3849
0.1755,-0.2743,0.0308,0.0000e+00,3.7716e-09,2.2896e-08,1.4075
0.1755,-0.2756,0.0154,0.0000e+00,1.5262e-09,2.3155e-08,1.5050
0.1755,-0.2760,0.0000,0.0000e+00,9.7322e-10,2.3184e-08,1.5288
0.1755,-0.2756,-0.0154,0.0000e+00,1.7751e-09,2.3137e-08,1.4942
0.1755,-0.2743,-0.0308,0.0000e+00,4.7272e-10,2.3200e-08,1.5504
0.1755,-0.2721,-0.0461,0.0000e+00,8.1051e-10,2.3191e-08,1.5359
0.1755,-0.2587,-0.0961,0.0000e+00,4.0245e-10,2.3201e-08,1.5535
0.1755,-0.2529,-0.1104,0.0000e+00,8.1401e-10,2.3191e-08,1.5357
0.1755,-0.2464,-0.1244,0.0000e+00,1.2138e-09,2.3173e-08,1.5185
0.1755,-0.2390,-0.1380,0.0000e+00,8.8900e-10,2.3188e-08,1.5325
0.1755,-0.2309,-0.1512,0.0000e+00,-3.0754e-11,2.3205e-08,1.5721
0.1755,-0.2221,-0.1638,0.0000e+00,1.2205e-09,2.3173e-08,1.5182
0.1755,-0.2126,-0.1760,0.0000e+00,1.4991e-09,2.3156e-08,1.5062
0.1755,-0.1760,-0.2126,0.0000e+00,1.9916e-09,2.3119e-08,1.4849
0.1755,-0.1638,-0.2221,0.0000e+00,1.3014e-09,2.3168e-08,1.5147
0.1755,-0.1512,-0.2309,0.0000e+00,2.5228e-09,2.3067e-08,1.4619
0.1755,-0.1380,-0.2390,0.0000e+00,2.2082e-09,2.3099e-08,1.4755
0.1755,-0.1244,-0.2464,0.0000e+00,2.8031e-09,2.3035e-08,1.4497
0.1755,-0.1104,-0.2529,0.0000e+00,3.1972e-09,2.2983e-08,1.4326
0.1755,-0.0961,-0.2587,0.0000e+00,3.9900e-09,2.2859e-08,1.3980
0.1755,-0.0461,-0.2721,0.0000e+00,4.7139e-09,2.2721e-08,1.3662
0.1755,-0.0308,-0.2743,0.0000e+00,4.8056e-09,2.2702e-08,1.3622
0.1755,-0.0154,-0.2756,0.0000e+00,4.9076e-09,2.2680e-08,1.3577
0.1755,-0.0000,-0.2760,0.0000e+00,4.6699e-09,2.2730e-08,1.3682
0.1755,0.0154,-0.2756,0.0000e+00,4.9271e-09,2.2676e-08,1.3568
0.1755,0.0308,-0.2743,0.0000e+00,4.2122e-09,2.2819e-08,1.3883
0.1755,0.0461,-0.2721,0.0000e+00,2.7222e-09,2.3045e-08,1.4532
0.1755,0.0961,-0.2587,0.0000e+00,4.1693e-10,2.3201e-08,1.5528
0.1755,0.1104,-0.2529,0.0000e+00,3.2155e-10,2.3203e-08,1.5569
0.1755,0.1244,-0.2464,0.0000e+00,1.3002e-09,2.3168e-08,1.5147
0.1755,0.1380,-0.2390,0.0000e+00,1.4739e-09,2.3158e-08,1.5072
0.1755,0.1512,-0.2309,0.0000e+00,1.0859e-09,2.3179e-08,1.5240
0.1755,0.1638,-0.2221,0.0000e+00,7.7627e-10,2.3192e-08,1.5373
0.1755,0.1760,-0.2126,0.0000e+00,5.9469e-10,2.3197e-08,1.5452
0.1755,0.2126,-0.1760,0.0000e+00,2.0601e-10,2.3204e-08,1.5619
0.1755,0.2221,-0.1638,0.0000e+00,8.8699e-10,2.3188e-08,1.5326
0.1755,0.2309,-0.1512,0.0000e+00,5.6778e-10,2.3198e-08,1.5463
0.1755,0.2390,-0.1380,0.0000e+00,6.9371e-10,2.3194e-08,1.5409
0.1755,0.2464,-0.1244,0.0000e+00,2.6020e-10,2.3203e-08,1.5596
0.1755,0.2529,-0.1104,0.0000e+00,1.0733e-09,2.3180e-08,1.5245
0.1755,0.2587,-0.0961,0.0000e+00,2.5890e-09,2.3060e-08,1.4590
