x[m],y[m],z[m],dirx[m^2A],diry[m^2A],dirz[m^2A],rotation_xy[rad]
-0.1755,0.2721,-0.0461,0.0000e+00,1.7764e-08,-1.4930e-08,-0.6989
-0.1755,0.2743,-0.0308,0.0000e+00,2.0761e-08,-1.0365e-08,-0.4630
-0.1755,0.2756,-0.0154,0.0000e+00,2.2835e-08,-4.1256e-09,-0.1787
-0.1755,0.2760,0.0000,0.0000e+00,2.2218e-08,6.6961e-09,0.2927
-0.1755,0.2756,0.0154,0.0000e+00,-1.9069e-08,1.3222e-08,2.5353
-0.1755,0.2743,0.0308,0.0000e+00,-1.5193e-08,-1.7539e-08,3.9986
-0.1755,0.2721,0.0461,0.0000e+00,-1.9870e-08,-1.1985e-08,3.6844
-0.1755,0.2587,0.0961,0.0000e+00,2.2020e-08,-7.3200e-09,-0.3209
-0.1755,0.2529,0.1104,0.0000e+00,1.9741e-08,-1.2197e-08,-0.5535
-0.1755,0.2464,0.1244,0.0000e+00,2.3179e-08,-1.1013e-09,-0.0475
-0.1755,0.2390,0.1380,0.0000e+00,2.0214e-08,1.1396e-08,0.5134
-0.1755,0.2309,0.1512,0.0000e+00,-2.3165e-08,-1.3540e-09,3.2000
-0.1755,0.2221,0.1638,0.0000e+00,4.1738e-09,-2.2826e-08,4.8932
-0.1755,0.2126,0.1760,0.0000e+00,9.2854e-09,-2.1266e-08,5.1241
-0.1755,0.1760,0.2126,0.0000e+00,2.3111e-08,2.0824e-09,0.0899
-0.1755,0.1638,0.2221,0.0000e+00,2.2720e-08,-4.7180e-09,-0.2047
-0.1755,0.1512,0.2309,0.0000e+00,2.1626e-08,-8.4123e-09,-0.3710
-0.1755,0.1380,0.2390,0.0000e+00,2.2259e-08,-6.5563e-09,-0.2864
-0.1755,0.1244,0.2464,0.0000e+00,2.6558e-10,2.3203e-08,1.5594
-0.1755,0.1104,0.2529,0.0000e+00,1.3622e-08,-1.8786e-08,5.3398
-0.1755,0.0961,0.2587,0.0000e+00,1.5139e-08,-1.7586e-08,5.4231
-0.1755,0.0461,0.2721,0.0000e+00,2.3205e-08,-2.1566e-11,-0.0009
-0.1755,0.0308,0.2743,0.0000e+00,2.3201e-08,-4.0110e-10,-0.0173
-0.1755,0.0154,0.2756,0.0000e+00,2.3204e-08,-2.2460e-10,-0.0097
-0.1755,0.0000,0.2760,0.0000e+00,2.3177e-08,1.1291e-09,0.0487
-0.1755,-0.0154,0.2756,0.0000e+00,2.0236e-08,1.1357e-08,0.5114
-0.1755,-0.0308,0.2743,0.0000e+00,3.8907e-09,2.2876e-08,1.4023
-0.1755,-0.0461,0.2721,0.0000e+00,-8.8653e-09,-2.1445e-08,4.3204
-0.1755,-0.0961,0.2587,0.0000e+00,2.1368e-08,9.0473e-09,0.4005
-0.1755,-0.1104,0.2529,0.0000e+00,2.2035e-08,7.2746e-09,0.3189
-0.1755,-0.1244,0.2464,0.0000e+00,2.3083e-08,2.3734e-09,0.1025
-0.1755,-0.1380,0.2390,0.0000e+00,2.2131e-08,6.9758e-09,0.3053
-0.1755,-0.1512,0.2309,0.0000e+00,2.1856e-08,7.7950e-09,0.3426
-0.1755,-0.1638,0.2221,0.0000e+00,-2.2813e-08,-4.2469e-09,3.3256
-0.1755,-0.1760,0.2126,0.0000e+00,-1.5373e-08,1.7382e-08,2.2949
-0.1755,-0.2126,0.1760,0.0000e+00,2.3205e-08,-7.5809e-12,-0.0003
-0.1755,-0.2221,0.1638,0.0000e+00,2.3205e-08,-5.6711e-14,-0.0000
-0.1755,-0.2309,0.1512,0.0000e+00,2.3205e-08,-3.5886e-16,-0.0000
-0.1755,-0.2390,0.1380,0.0000e+00,2.2479e-08,5.7586e-09,0.2508
-0.1755,-0.2464,0.1244,0.0000e+00,3.9734e-09,2.2862e-08,1.3987
-0.1755,-0.2529,0.1104,0.0000e+00,-2.2927e-08,-3.5797e-09,3.2965
-0.1755,-0.2587,0.0961,0.0000e+00,-2.1776e-08,-8.0180e-09,3.4944
-0.1755,-0.2721,0.0461,0.0000e+00,1.9020e-08,-1.3292e-08,-0.6100
-0.1755,-0.2743,0.0308,0.0000e+00,2.0760e-08,-1.0367e-08,-0.4631
-0.1755,-0.2756,0.0154,0.0000e+00,2.2293e-08,-6.4392e-09,-0.2812
-0.1755,-0.2760,0.0000,0.0000e+00,2.2644e-08,5.0709e-09,0.2203
-0.1755,-0.2756,-0.0154,0.0000e+00,-1.7611e-08,1.5110e-08,2.4325
-0.1755,-0.2743,-0.0308,0.0000e+00,-1.8359e-08,-1.4192e-08,3.7997
-0.1755,-0.2721,-0.0461,0.0000e+00,-1.6689e-08,-1.6122e-08,3.9097
-0.1755,-0.2587,-0.0961,0.0000e+00,2.1527e-08,-8.6626e-09,-0.3826
-0.1755,-0.2529,-0.1104,0.0000e+00,1.8293e-08,-1.4277e-08,-0.6627
-0.1755,-0.2464,-0.1244,0.0000e+00,2.3180e-08,-1.0637e-09,-0.0459
-0.1755,-0.2390,-0.1380,0.0000e+00,2.1648e-08,8.3571e-09,0.3684
-0.1755,-0.2309,-0.1512,0.0000e+00,-2.2766e-08,4.4897e-09,2.9469
-0.1755,-0.2221,-0.1638,0.0000e+00,6.6041e-09,-2.2245e-08,5.0010
-0.1755,-0.2126,-0.1760,0.0000e+00,4.7349e-09,-2.2717e-08,4.9179
-0.1755,-0.1760,-0.2126,0.0000e+00,2.3182e-08,-1.0281e-09,-0.0443
-0.1755,-0.1638,-0.2221,0.0000e+00,2.2747e-08,-4.5848e-09,-0.1989
-0.1755,-0.1512,-0.2309,0.0000e+00,2.1738e-08,-8.1185e-09,-0.3574
-0.1755,-0.1380,-0.2390,0.0000e+00,2.2772e-08,-4.4619e-09,-0.1935
-0.1755,-0.1244,-0.2464,0.0000e+00,6.1572e-09,2.2373e-08,1.3022
-0.1755,-0.1104,-0.2529,0.0000e+00,1.2077e-08,-1.9814e-08,5.2598
-0.1755,-0.0961,-0.2587,0.0000e+00,1.3747e-08,-1.8695e-08,5.3464
-0.1755,-0.0461,-0.2721,0.0000e+00,2.3201e-08,-4.0662e-10,-0.0175
-0.1755,-0.0308,-0.2743,0.0000e+00,2.3094e-08,-2.2605e-09,-0.0976
-0.1755,-0.0154,-0.2756,0.0000e+00,2.3201e-08,-4.3928e-10,-0.0189
-0.1755,-0.0000,-0.2760,0.0000e+00,2.3204e-08,1.9913e-10,0.0086
-0.1755,0.0154,-0.2756,0.0000e+00,1.9610e-08,1.2406e-08,0.5641
-0.1755,0.0308,-0.2743,0.0000e+00,1.1555e-08,2.0123e-08,1.0496
-0.1755,0.0461,-0.2721,0.0000e+00,-1.1316e-08,-2.0258e-08,4.2030
-0.1755,0.0961,-0.2587,0.0000e+00,2.1152e-08,9.5428e-09,0.4238
-0.1755,0.1104,-0.2529,0.0000e+00,2.2715e-08,4.7442e-09,0.2059
-0.1755,0.1244,-0.2464,0.0000e+00,2.3115e-08,-2.0340e-09,-0.0878
-0.1755,0.1380,-0.2390,0.0000e+00,2.3200e-08,-4.4939e-10,-0.0194
-0.1755,0.1512,-0.2309,0.0000e+00,1.8657e-08,1.3798e-08,0.6368
-0.1755,0.1638,-0.2221,0.0000e+00,-2.3137e-08,-1.7705e-09,3.2180
-0.1755,0.1760,-0.2126,0.0000e+00,-1.5934e-08,1.6869e-08,2.3277
-0.1755,0.2126,-0.1760,0.0000e+00,2.3205e-08,-6.3319e-14,-0.0000
-0.1755,0.2221,-0.1638,0.0000e+00,2.3205e-08,-1.6328e-16,-0.0000
-0.1755,0.2309,-0.1512,0.0000e+00,2.3173e-08,1.2189e-09,0.0526
-0.1755,0.2390,-0.1380,0.0000e+00,2.2939e-08,3.4989e-09,0.1514
-0.1755,0.2464,-0.1244,0.0000e+00,4.4381e-09,2.2776e-08,1.3784
-0.1755,0.2529,-0.1104,0.0000e+00,-2.3015e-08,-2.9624e-09,3.2696
-0.1755,0.2587,-0.0961,0.0000e+00,-2.1718e-08,-8.1732e-09,3.5015
-0.0585,0.2721,-0.0461,0.0000e+00,1.0794e-08,-2.0542e-08,-1.0870
-0.0585,0.2743,-0.0308,0.0000e+00,1.9441e-08,-1.2669e-08,-0.5776
-0.0585,0.2756,-0.0154,0.0000e+00,8.1749e-09,2.1717e-08,1.2108
-0.0585,0.2760,0.0000,0.0000e+00,-2.1841e-08,7.8385e-09,2.7970
-0.0585,0.2756,0.0154,0.0000e+00,-2.2064e-08,7.1874e-09,2.8267
-0.0585,0.2743,0.0308,0.0000e+00,6.0215e-10,2.3197e-08,1.5448
-0.0585,0.2721,0.0461,0.0000e+00,1.7126e-08,1.5657e-08,0.7406
-0.0585,0.2587,0.0961,0.0000e+00,1.8098e-08,-1.4523e-08,-0.6762
-0.0585,0.2529,0.1104,0.0000e+00,9.8364e-09,2.1017e-08,1.1331
-0.0585,0.2464,0.1244,0.0000e+00,-2.2484e-08,-5.7399e-09,3.3915
-0.0585,0.2390,0.1380,0.0000e+00,-2.0664e-08,1.0558e-08,2.6692
-0.0585,0.2309,0.1512,0.0000e+00,1.4244e-09,2.3161e-08,1.5094
-0.0585,0.2221,0.1638,0.0000e+00,2.1794e-08,7.9678e-09,0.3505
-0.0585,0.2126,0.1760,0.0000e+00,1.2881e-08,-1.9301e-08,-0.9823
-0.0585,0.1760,0.2126,0.0000e+00,-2.2884e-08,3.8422e-09,2.9752
-0.0585,0.1638,0.2221,0.0000e+00,-2.3188e-08,8.7838e-10,3.1037
-0.0585,0.1512,0.2309,0.0000e+00,-2.1407e-08,8.9546e-09,2.7454
-0.0585,0.1380,0.2390,0.0000e+00,-1.2056e-10,2.3204e-08,1.5760
-0.0585,0.1244,0.2464,0.0000e+00,2.1044e-08,-9.7780e-09,-0.4350
-0.0585,0.1104,0.2529,0.0000e+00,1.0683e-09,2.3180e-08,1.5247
-0.0585,0.0961,0.2587,0.0000e+00,-1.2535e-08,1.9528e-08,2.1415
-0.0585,0.0461,0.2721,0.0000e+00,-1.9210e-08,1.3017e-08,2.5460
-0.0585,0.0308,0.2743,0.0000e+00,-1.5949e-08,1.6855e-08,2.3286
-0.0585,0.0154,0.2756,0.0000e+00,-7.0635e-09,2.2104e-08,1.8801
-0.0585,0.0000,0.2760,0.0000e+00,2.2532e-08,-5.5460e-09,-0.2413
-0.0585,-0.0154,0.2756,0.0000e+00,2.2323e-08,6.3365e-09,0.2766
-0.0585,-0.0308,0.2743,0.0000e+00,7.8915e-09,2.1822e-08,1.2238
-0.0585,-0.0461,0.2721,0.0000e+00,-7.2882e-09,2.2031e-08,1.8903
-0.0585,-0.0961,0.2587,0.0000e+00,-5.9990e-09,2.2416e-08,1.8323
-0.0585,-0.1104,0.2529,0.0000e+00,2.1333e-08,9.1302e-09,0.4044
-0.0585,-0.1244,0.2464,0.0000e+00,-5.0691e-09,2.2644e-08,1.7910
-0.0585,-0.1380,0.2390,0.0000e+00,2.3202e-08,-3.4877e-10,-0.0150
-0.0585,-0.1512,0.2309,0.0000e+00,2.3205e-08,-4.1873e-16,-0.0000
-0.0585,-0.1638,0.2221,0.0000e+00,2.3205e-08,-1.9614e-16,-0.0000
-0.0585,-0.1760,0.2126,0.0000e+00,3.8079e-09,2.2890e-08,1.4060
-0.0585,-0.2126,0.1760,0.0000e+00,-1.7057e-08,1.5732e-08,2.3966
-0.0585,-0.2221,0.1638,0.0000e+00,2.2652e-08,-5.0348e-09,-0.2187
-0.0585,-0.2309,0.1512,0.0000e+00,1.2425e-08,-1.9598e-08,-1.0057
-0.0585,-0.2390,0.1380,0.0000e+00,1.5326e-08,-1.7423e-08,-0.8493
-0.0585,-0.2464,0.1244,0.0000e+00,5.5669e-09,2.2527e-08,1.3285
-0.0585,-0.2529,0.1104,0.0000e+00,-6.6117e-09,2.2243e-08,1.8597
-0.0585,-0.2587,0.0961,0.0000e+00,-1.0749e-08,2.0565e-08,2.0524
-0.0585,-0.2721,0.0461,0.0000e+00,1.9850e-08,-1.2018e-08,-0.5444
-0.0585,-0.2743,0.0308,0.0000e+00,7.7285e-09,-2.1880e-08,-1.2313
-0.0585,-0.2756,0.0154,0.0000e+00,1.8681e-08,1.3765e-08,0.6350
-0.0585,-0.2760,0.0000,0.0000e+00,-2.2606e-08,5.2376e-09,2.9139
-0.0585,-0.2756,-0.0154,0.0000e+00,-2.2375e-08,6.1514e-09,2.8733
-0.0585,-0.2743,-0.0308,0.0000e+00,-1.9430e-09,2.3123e-08,1.6546
-0.0585,-0.2721,-0.0461,0.0000e+00,1.2173e-08,1.9755e-08,1.0185
-0.0585,-0.2587,-0.0961,0.0000e+00,1.9261e-08,-1.2942e-08,-0.5916
-0.0585,-0.2529,-0.1104,0.0000e+00,1.3341e-08,1.8987e-08,0.9583
-0.0585,-0.2464,-0.1244,0.0000e+00,-2.1671e-08,-8.2954e-09,3.5072
-0.0585,-0.2390,-0.1380,0.0000e+00,-2.2803e-08,4.3011e-09,2.9552
-0.0585,-0.2309,-0.1512,0.0000e+00,6.8525e-09,2.2170e-08,1.2710
-0.0585,-0.2221,-0.1638,0.0000e+00,1.7871e-08,1.4801e-08,0.6917
-0.0585,-0.2126,-0.1760,0.0000e+00,1.0568e-08,-2.0659e-08,-1.0980
-0.0585,-0.1760,-0.2126,0.0000e+00,-2.2836e-08,4.1196e-09,2.9631
-0.0585,-0.1638,-0.2221,0.0000e+00,-2.3148e-08,1.6178e-09,3.0718
-0.0585,-0.1512,-0.2309,0.0000e+00,-2.2746e-08,4.5922e-09,2.9424
-0.0585,-0.1380,-0.2390,0.0000e+00,6.4457e-09,2.2292e-08,1.2893
-0.0585,-0.1244,-0.2464,0.0000e+00,2.3194e-08,-6.9308e-10,-0.0299
-0.0585,-0.1104,-0.2529,0.0000e+00,-1.4783e-09,2.3158e-08,1.6345
-0.0585,-0.0961,-0.2587,0.0000e+00,-1.5722e-08,1.7067e-08,2.3152
-0.0585,-0.0461,-0.2721,0.0000e+00,-1.9378e-08,1.2766e-08,2.5591
-0.0585,-0.0308,-0.2743,0.0000e+00,-1.2495e-08,1.9554e-08,2.1394
-0.0585,-0.0154,-0.2756,0.0000e+00,-2.3542e-09,2.3085e-08,1.6724
-0.0585,-0.0000,-0.2760,0.0000e+00,2.2858e-08,-3.9948e-09,-0.1730
-0.0585,0.0154,-0.2756,0.0000e+00,1.2267e-08,1.9697e-08,1.0138
-0.0585,0.0308,-0.2743,0.0000e+00,1.9275e-08,1.2920e-08,0.5905
-0.0585,0.0461,-0.2721,0.0000e+00,-9.1990e-09,2.1304e-08,1.9784
-0.0585,0.0961,-0.2587,0.0000e+00,6.1368e-09,2.2379e-08,1.3032
-0.0585,0.1104,-0.2529,0.0000e+00,-4.4859e-09,2.2767e-08,1.7653
-0.0585,0.1244,-0.2464,0.0000e+00,2.2973e-08,3.2744e-09,0.1416
-0.0585,0.1380,-0.2390,0.0000e+00,1.0397e-08,2.0745e-08,1.1062
-0.0585,0.1512,-0.2309,0.0000e+00,2.3179e-08,-1.0967e-09,-0.0473
-0.0585,0.1638,-0.2221,0.0000e+00,2.3035e-08,2.8039e-09,0.1211
-0.0585,0.1760,-0.2126,0.0000e+00,1.4981e-08,1.7721e-08,0.8690
-0.0585,0.2126,-0.1760,0.0000e+00,-1.6065e-08,1.6744e-08,2.3355
-0.0585,0.2221,-0.1638,0.0000e+00,2.3202e-08,3.5094e-10,0.0151
-0.0585,0.2309,-0.1512,0.0000e+00,9.3268e-09,-2.1248e-08,-1.1572
-0.0585,0.2390,-0.1380,0.0000e+00,1.7907e-08,-1.4759e-08,-0.6893
-0.0585,0.2464,-0.1244,0.0000e+00,1.0720e-08,2.0580e-08,1.0906
-0.0585,0.2529,-0.1104,0.0000e+00,-8.2101e-09,2.1704e-08,1.9324
-0.0585,0.2587,-0.0961,0.0000e+00,-1.0530e-08,2.0678e-08,2.0418
0.0585,0.2721,-0.0461,0.0000e+00,9.0494e-09,-2.1367e-08,-1.1702
0.0585,0.2743,-0.0308,0.0000e+00,2.1404e-08,-8.9625e-09,-0.3965
0.0585,0.2756,-0.0154,0.0000e+00,1.2221e-08,1.9726e-08,1.0161
0.0585,0.2760,0.0000,0.0000e+00,-2.2325e-08,6.3293e-09,2.8653
0.0585,0.2756,0.0154,0.0000e+00,-2.2674e-08,4.9349e-09,2.9273
0.0585,0.2743,0.0308,0.0000e+00,4.2771e-09,2.2807e-08,1.3854
0.0585,0.2721,0.0461,0.0000e+00,2.3196e-08,6.4998e-10,0.0280
0.0585,0.2587,0.0961,0.0000e+00,8.1860e-09,-2.1713e-08,-1.2103
0.0585,0.2529,0.1104,0.0000e+00,4.7644e-09,2.2710e-08,1.3640
0.0585,0.2464,0.1244,0.0000e+00,-2.1527e-08,-8.6634e-09,3.5242
0.0585,0.2390,0.1380,0.0000e+00,-1.9144e-08,1.3113e-08,2.5410
0.0585,0.2309,0.1512,0.0000e+00,4.9554e-09,2.2670e-08,1.3556
0.0585,0.2221,0.1638,0.0000e+00,1.6468e-08,1.6348e-08,0.7818
0.0585,0.2126,0.1760,0.0000e+00,1.0931e-08,-2.0469e-08,-1.0803
0.0585,0.1760,0.2126,0.0000e+00,-2.2367e-08,6.1772e-09,2.8721
0.0585,0.1638,0.2221,0.0000e+00,-2.3023e-08,2.9019e-09,3.0162
0.0585,0.1512,0.2309,0.0000e+00,-2.2747e-08,4.5851e-09,2.9427
0.0585,0.1380,0.2390,0.0000e+00,5.4216e-09,2.2563e-08,1.3350
0.0585,0.1244,0.2464,0.0000e+00,2.2839e-08,-4.1051e-09,-0.1778
0.0585,0.1104,0.2529,0.0000e+00,-2.8800e-09,2.3025e-08,1.6952
0.0585,0.0961,0.2587,0.0000e+00,-1.4235e-08,1.8326e-08,2.2312
0.0585,0.0461,0.2721,0.0000e+00,-1.9206e-08,1.3022e-08,2.5458
0.0585,0.0308,0.2743,0.0000e+00,-1.4314e-08,1.8264e-08,2.2356
0.0585,0.0154,0.2756,0.0000e+00,-3.9073e-10,2.3202e-08,1.5876
0.0585,0.0000,0.2760,0.0000e+00,2.2660e-08,-5.0006e-09,-0.2172
0.0585,-0.0154,0.2756,0.0000e+00,2.2160e-08,6.8860e-09,0.3013
0.0585,-0.0308,0.2743,0.0000e+00,7.2035e-09,2.2058e-08,1.2552
0.0585,-0.0461,0.2721,0.0000e+00,-1.0441e-08,2.0723e-08,2.0375
0.0585,-0.0961,0.2587,0.0000e+00,5.0494e-09,2.2649e-08,1.3514
0.0585,-0.1104,0.2529,0.0000e+00,1.7935e-08,1.4724e-08,0.6874
0.0585,-0.1244,0.2464,0.0000e+00,-2.9789e-09,2.3013e-08,1.6995
0.0585,-0.1380,0.2390,0.0000e+00,2.3202e-08,-3.5763e-10,-0.0154
0.0585,-0.1512,0.2309,0.0000e+00,2.0698e-08,-1.0491e-08,-0.4691
0.0585,-0.1638,0.2221,0.0000e+00,1.9772e-08,1.2147e-08,0.5509
0.0585,-0.1760,0.2126,0.0000e+00,8.9829e-09,2.1396e-08,1.1733
0.0585,-0.2126,0.1760,0.0000e+00,-1.8345e-08,1.4210e-08,2.4825
0.0585,-0.2221,0.1638,0.0000e+00,2.3205e-08,1.4473e-11,0.0006
0.0585,-0.2309,0.1512,0.0000e+00,1.8798e-08,-1.3605e-08,-0.6265
0.0585,-0.2390,0.1380,0.0000e+00,1.7083e-08,-1.5704e-08,-0.7434
0.0585,-0.2464,0.1244,0.0000e+00,2.1715e-09,2.3103e-08,1.4771
0.0585,-0.2529,0.1104,0.0000e+00,-7.4865e-09,2.1964e-08,1.8993
0.0585,-0.2587,0.0961,0.0000e+00,-1.2232e-08,1.9719e-08,2.1260
0.0585,-0.2721,0.0461,0.0000e+00,2.3182e-08,1.0274e-09,0.0443
0.0585,-0.2743,0.0308,0.0000e+00,1.7316e-08,-1.5447e-08,-0.7284
0.0585,-0.2756,0.0154,0.0000e+00,1.9244e-08,1.2966e-08,0.5929
0.0585,-0.2760,0.0000,0.0000e+00,-2.3078e-08,2.4260e-09,3.0369
0.0585,-0.2756,-0.0154,0.0000e+00,-2.3034e-08,2.8086e-09,3.0203
0.0585,-0.2743,-0.0308,0.0000e+00,-3.0420e-09,2.3005e-08,1.7023
0.0585,-0.2721,-0.0461,0.0000e+00,2.3205e-08,2.4389e-17,0.0000
0.0585,-0.2587,-0.0961,0.0000e+00,1.2899e-08,-1.9290e-08,-0.9814
0.0585,-0.2529,-0.1104,0.0000e+00,1.1767e-09,2.3175e-08,1.5201
0.0585,-0.2464,-0.1244,0.0000e+00,-2.3139e-08,-1.7397e-09,3.2166
0.0585,-0.2390,-0.1380,0.0000e+00,-2.2654e-08,5.0243e-09,2.9233
0.0585,-0.2309,-0.1512,0.0000e+00,2.8195e-09,2.3033e-08,1.4490
0.0585,-0.2221,-0.1638,0.0000e+00,1.4708e-08,1.7948e-08,0.8843
0.0585,-0.2126,-0.1760,0.0000e+00,1.8497e-08,-1.4011e-08,-0.6483
0.0585,-0.1760,-0.2126,0.0000e+00,-2.2723e-08,4.7045e-09,2.9374
0.0585,-0.1638,-0.2221,0.0000e+00,-2.3135e-08,1.8032e-09,3.0638
0.0585,-0.1512,-0.2309,0.0000e+00,-2.2941e-08,3.4908e-09,2.9906
0.0585,-0.1380,-0.2390,0.0000e+00,7.1644e-09,2.2071e-08,1.2569
0.0585,-0.1244,-0.2464,0.0000e+00,2.2946e-08,-3.4576e-09,-0.1496
0.0585,-0.1104,-0.2529,0.0000e+00,-7.3952e-09,2.1995e-08,1.8951
0.0585,-0.0961,-0.2587,0.0000e+00,-1.5206e-08,1.7528e-08,2.2854
0.0585,-0.0461,-0.2721,0.0000e+00,-1.8537e-08,1.3959e-08,2.4961
0.0585,-0.0308,-0.2743,0.0000e+00,-1.5117e-08,1.7605e-08,2.2803
0.0585,-0.0154,-0.2756,0.0000e+00,-4.9188e-09,2.2677e-08,1.7844
0.0585,-0.0000,-0.2760,0.0000e+00,2.3205e-08,-7.5505e-12,-0.0003
0.0585,0.0154,-0.2756,0.0000e+00,2.3205e-08,-5.6373e-11,-0.0024
0.0585,0.0308,-0.2743,0.0000e+00,-2.4190e-09,2.3078e-08,1.6752
0.0585,0.0461,-0.2721,0.0000e+00,1.1282e-09,2.3177e-08,1.5222
0.0585,0.0961,-0.2587,0.0000e+00,1.0531e-08,2.0678e-08,1.0997
0.0585,0.1104,-0.2529,0.0000e+00,-7.4254e-09,2.1985e-08,1.8965
0.0585,0.1244,-0.2464,0.0000e+00,2.1360e-08,-9.0676e-09,-0.4015
0.0585,0.1380,-0.2390,0.0000e+00,1.1290e-08,2.0273e-08,1.0627
0.0585,0.1512,-0.2309,0.0000e+00,2.1652e-08,-8.3454e-09,-0.3679
0.0585,0.1638,-0.2221,0.0000e+00,7.9027e-09,2.1818e-08,1.2233
0.0585,0.1760,-0.2126,0.0000e+00,2.1130e-08,9.5899e-09,0.4260
0.0585,0.2126,-0.1760,0.0000e+00,-1.6956e-08,1.5842e-08,2.3902
0.0585,0.2221,-0.1638,0.0000e+00,2.3200e-08,4.6480e-10,0.0200
0.0585,0.2309,-0.1512,0.0000e+00,1.7615e-08,-1.5105e-08,-0.7088
0.0585,0.2390,-0.1380,0.0000e+00,9.1090e-09,-2.1342e-08,-1.1674
0.0585,0.2464,-0.1244,0.0000e+00,6.6137e-09,2.2242e-08,1.2818
0.0585,0.2529,-0.1104,0.0000e+00,-5.3202e-09,2.2587e-08,1.8021
0.0585,0.2587,-0.0961,0.0000e+00,-6.7155e-09,2.2212e-08,1.8644
0.1755,0.2721,-0.0461,0.0000e+00,1.7318e-08,-1.5445e-08,-0.7283
0.1755,0.2743,-0.0308,0.0000e+00,1.9997e-08,-1.1773e-08,-0.5321
0.1755,0.2756,-0.0154,0.0000e+00,2.2461e-08,-5.8280e-09,-0.2539
0.1755,0.2760,0.0000,0.0000e+00,2.1711e-08,8.1916e-09,0.3608
0.1755,0.2756,0.0154,0.0000e+00,-8.5320e-09,2.1579e-08,1.9473
0.1755,0.2743,0.0308,0.0000e+00,-1.9233e-08,-1.2982e-08,3.7353
0.1755,0.2721,0.0461,0.0000e+00,-1.8971e-08,-1.3362e-08,3.7552
0.1755,0.2587,0.0961,0.0000e+00,2.2336e-08,-6.2906e-09,-0.2745
0.1755,0.2529,0.1104,0.0000e+00,1.3495e-08,-1.8877e-08,-0.9502
0.1755,0.2464,0.1244,0.0000e+00,2.2798e-08,-4.3234e-09,-0.1874
0.1755,0.2390,0.1380,0.0000e+00,2.2418e-08,5.9919e-09,0.2612
0.1755,0.2309,0.1512,0.0000e+00,-1.9837e-08,1.2040e-08,2.5961
0.1755,0.2221,0.1638,0.0000e+00,5.0131e-09,-2.2657e-08,4.9301
0.1755,0.2126,0.1760,0.0000e+00,8.4777e-09,-2.1601e-08,5.0864
0.1755,0.1760,0.2126,0.0000e+00,2.3102e-08,2.1780e-09,0.0940
0.1755,0.1638,0.2221,0.0000e+00,2.2635e-08,-5.1090e-09,-0.2220
0.1755,0.1512,0.2309,0.0000e+00,2.2117e-08,-7.0228e-09,-0.3075
0.1755,0.1380,0.2390,0.0000e+00,2.3028e-08,-2.8564e-09,-0.1234
0.1755,0.1244,0.2464,0.0000e+00,1.5589e-08,1.7188e-08,0.8341
0.1755,0.1104,0.2529,0.0000e+00,1.1595e-08,-2.0100e-08,5.2356
0.1755,0.0961,0.2587,0.0000e+00,1.3971e-08,-1.8528e-08,5.3585
0.1755,0.0461,0.2721,0.0000e+00,2.3169e-08,-1.2859e-09,-0.0554
0.1755,0.0308,0.2743,0.0000e+00,2.3039e-08,-2.7653e-09,-0.1195
0.1755,0.0154,0.2756,0.0000e+00,2.3112e-08,-2.0780e-09,-0.0897
0.1755,0.0000,0.2760,0.0000e+00,2.3176e-08,-1.1635e-09,-0.0502
0.1755,-0.0154,0.2756,0.0000e+00,2.2400e-08,6.0576e-09,0.2641
0.1755,-0.0308,0.2743,0.0000e+00,6.2378e-09,2.2351e-08,1.2986
0.1755,-0.0461,0.2721,0.0000e+00,-1.9251e-08,-1.2955e-08,3.7339
0.1755,-0.0961,0.2587,0.0000e+00,2.1786e-08,7.9890e-09,0.3515
0.1755,-0.1104,0.2529,0.0000e+00,2.2534e-08,5.5373e-09,0.2410
0.1755,-0.1244,0.2464,0.0000e+00,2.3203e-08,3.0250e-10,0.0130
0.1755,-0.1380,0.2390,0.0000e+00,2.3017e-08,2.9482e-09,0.1274
0.1755,-0.1512,0.2309,0.0000e+00,2.1213e-08,9.4067e-09,0.4174
0.1755,-0.1638,0.2221,0.0000e+00,-1.9130e-08,1.3134e-08,2.5400
0.1755,-0.1760,0.2126,0.0000e+00,-2.3176e-08,1.1473e-09,3.0921
0.1755,-0.2126,0.1760,0.0000e+00,2.3198e-08,-5.4241e-10,-0.0234
0.1755,-0.2221,0.1638,0.0000e+00,2.3205e-08,-9.7175e-13,-0.0000
0.1755,-0.2309,0.1512,0.0000e+00,2.3205e-08,-1.1837e-12,-0.0001
0.1755,-0.2390,0.1380,0.0000e+00,2.2356e-08,6.2169e-09,0.2712
0.1755,-0.2464,0.1244,0.0000e+00,-2.2610e-10,2.3204e-08,1.5805
0.1755,-0.2529,0.1104,0.0000e+00,-2.3202e-08,-3.5690e-10,3.1570
0.1755,-0.2587,0.0961,0.0000e+00,-2.1744e-08,-8.1033e-09,3.4983
0.1755,-0.2721,0.0461,0.0000e+00,1.7523e-08,-1.5212e-08,-0.7149
0.1755,-0.2743,0.0308,0.0000e+00,1.9132e-08,-1.3132e-08,-0.6015
0.1755,-0.2756,0.0154,0.0000e+00,2.1895e-08,-7.6868e-09,-0.3376
0.1755,-0.2760,0.0000,0.0000e+00,1.7084e-08,1.5703e-08,0.7433
0.1755,-0.2756,-0.0154,0.0000e+00,-7.0797e-09,2.2098e-08,1.8808
0.1755,-0.2743,-0.0308,0.0000e+00,-1.7647e-08,-1.5068e-08,3.8483
0.1755,-0.2721,-0.0461,0.0000e+00,-1.9466e-08,-1.2630e-08,3.7171
0.1755,-0.2587,-0.0961,0.0000e+00,2.0975e-08,-9.9249e-09,-0.4420
0.1755,-0.2529,-0.1104,0.0000e+00,1.9225e-08,-1.2995e-08,-0.5944
0.1755,-0.2464,-0.1244,0.0000e+00,2.3194e-08,-7.1116e-10,-0.0307
0.1755,-0.2390,-0.1380,0.0000e+00,2.1784e-08,7.9939e-09,0.3517
0.1755,-0.2309,-0.1512,0.0000e+00,-2.2641e-08,5.0859e-09,2.9206
0.1755,-0.2221,-0.1638,0.0000e+00,2.0561e-09,-2.3114e-08,4.8011
0.1755,-0.2126,-0.1760,0.0000e+00,1.1818e-08,-1.9970e-08,5.2467
0.1755,-0.1760,-0.2126,0.0000e+00,2.3114e-08,2.0529e-09,0.0886
0.1755,-0.1638,-0.2221,0.0000e+00,2.2530e-08,-5.5557e-09,-0.2418
0.1755,-0.1512,-0.2309,0.0000e+00,2.2018e-08,-7.3275e-09,-0.3213
0.1755,-0.1380,-0.2390,0.0000e+00,2.2833e-08,-4.1346e-09,-0.1791
0.1755,-0.1244,-0.2464,0.0000e+00,9.5979e-09,2.1127e-08,1.1444
0.1755,-0.1104,-0.2529,0.0000e+00,1.3426e-08,-1.8927e-08,5.3294
0.1755,-0.0961,-0.2587,0.0000e+00,1.4001e-08,-1.8505e-08,5.3601
0.1755,-0.0461,-0.2721,0.0000e+00,2.3201e-08,-4.3582e-10,-0.0188
0.1755,-0.0308,-0.2743,0.0000e+00,2.3142e-08,-1.7041e-09,-0.0735
0.1755,-0.0154,-0.2756,0.0000e+00,2.3193e-08,-7.4345e-10,-0.0320
0.1755,-0.0000,-0.2760,0.0000e+00,2.3204e-08,-1.2336e-10,-0.0053
0.1755,0.0154,-0.2756,0.0000e+00,1.8605e-08,1.3868e-08,0.6405
0.1755,0.0308,-0.2743,0.0000e+00,9.6304e-09,2.1112e-08,1.1428
0.1755,0.0461,-0.2721,0.0000e+00,-1.3857e-08,-1.8613e-08,4.0724
0.1755,0.0961,-0.2587,0.0000e+00,2.0867e-08,1.0151e-08,0.4528
0.1755,0.1104,-0.2529,0.0000e+00,2.2087e-08,7.1156e-09,0.3117
0.1755,0.1244,-0.2464,0.0000e+00,2.3205e-08,5.0390e-12,0.0002
0.1755,0.1380,-0.2390,0.0000e+00,2.2534e-08,5.5406e-09,0.2411
0.1755,0.1512,-0.2309,0.0000e+00,2.1977e-08,7.4486e-09,0.3268
0.1755,0.1638,-0.2221,0.0000e+00,-1.5742e-08,1.7048e-08,2.3164
0.1755,0.1760,-0.2126,0.0000e+00,-2.2509e-08,-5.6382e-09,3.3870
0.1755,0.2126,-0.1760,0.0000e+00,2.3194e-08,-7.1222e-10,-0.0307
0.1755,0.2221,-0.1638,0.0000e+00,2.3205e-08,-5.6740e-12,-0.0002
0.1755,0.2309,-0.1512,0.0000e+00,2.3205e-08,-1.2958e-13,-0.0000
0.1755,0.2390,-0.1380,0.0000e+00,2.2747e-08,4.5868e-09,0.1990
0.1755,0.2464,-0.1244,0.0000e+00,-3.6775e-09,2.2912e-08,1.7299
0.1755,0.2529,-0.1104,0.0000e+00,-2.2963e-08,-3.3436e-09,3.2862
0.1755,0.2587,-0.0961,0.0000e+00,-2.2938e-08,-3.5107e-09,3.2935
