x[m],y[m],z[m],dirx[m^2A],diry[m^2A],dirz[m^2A],rotation_xy[rad]
-0.1755,0.2721,-0.0461,0.0000e+00,-2.3187e-08,-8.9731e-10,3.1803
-0.1755,0.2743,-0.0308,0.0000e+00,-2.0228e-08,1.1370e-08,2.6295
-0.1755,0.2756,-0.0154,0.0000e+00,1.7842e-08,1.4836e-08,0.6937
-0.1755,0.2760,0.0000,0.0000e+00,2.0580e-08,1.0720e-08,0.4802
-0.1755,0.2756,0.0154,0.0000e+00,1.5403e-08,1.7355e-08,0.8449
-0.1755,0.2743,0.0308,0.0000e+00,-7.9043e-09,2.1817e-08,1.9184
-0.1755,0.2721,0.0461,0.0000e+00,-2.0189e-08,-1.1440e-08,3.6571
-0.1755,0.2587,0.0961,0.0000e+00,-2.3043e-08,-2.7312e-09,3.2596
-0.1755,0.2529,0.1104,0.0000e+00,-1.6340e-08,1.6476e-08,2.3521
-0.1755,0.2464,0.1244,0.0000e+00,-6.4455e-09,2.2292e-08,1.8523
-0.1755,0.2390,0.1380,0.0000e+00,9.2849e-09,2.1266e-08,1.1591
-0.1755,0.2309,0.1512,0.0000e+00,9.8666e-09,2.1003e-08,1.1316
-0.1755,0.2221,0.1638,0.0000e+00,-1.7945e-08,1.4712e-08,2.4549
-0.1755,0.2126,0.1760,0.0000e+00,-9.4226e-09,-2.1206e-08,4.2942
-0.1755,0.1760,0.2126,0.0000e+00,-7.7571e-09,-2.1870e-08,4.3715
-0.1755,0.1638,0.2221,0.0000e+00,-1.3638e-08,1.8774e-08,2.1990
-0.1755,0.1512,0.2309,0.0000e+00,-1.5750e-08,1.7041e-08,2.3168
-0.1755,0.1380,0.2390,0.0000e+00,-1.9409e-08,-1.2718e-08,3.7216
-0.1755,0.1244,0.2464,0.0000e+00,-1.9723e-08,-1.2225e-08,3.6965
-0.1755,0.1104,0.2529,0.0000e+00,-2.3162e-08,1.4132e-09,3.0807
-0.1755,0.0961,0.2587,0.0000e+00,-2.2555e-08,5.4544e-09,2.9043
-0.1755,0.0461,0.2721,0.0000e+00,-2.2609e-08,-5.2261e-09,3.3688
-0.1755,0.0308,0.2743,0.0000e+00,-2.1945e-08,-7.5415e-09,3.4726
-0.1755,0.0154,0.2756,0.0000e+00,-2.1533e-08,-8.6472e-09,3.5235
-0.1755,0.0000,0.2760,0.0000e+00,-2.1819e-08,-7.8988e-09,3.4889
-0.1755,-0.0154,0.2756,0.0000e+00,-2.2692e-08,-4.8503e-09,3.3522
-0.1755,-0.0308,0.2743,0.0000e+00,-2.3193e-08,-7.4052e-10,3.1735
-0.1755,-0.0461,0.2721,0.0000e+00,-2.3150e-08,1.5940e-09,3.0728
-0.1755,-0.0961,0.2587,0.0000e+00,-2.2894e-08,-3.7869e-09,3.3055
-0.1755,-0.1104,0.2529,0.0000e+00,-2.1860e-08,-7.7841e-09,3.4837
-0.1755,-0.1244,0.2464,0.0000e+00,-2.2134e-08,-6.9688e-09,3.4466
-0.1755,-0.1380,0.2390,0.0000e+00,-2.0034e-08,1.1708e-08,2.6127
-0.1755,-0.1512,0.2309,0.0000e+00,-2.1830e-09,2.3102e-08,1.6650
-0.1755,-0.1638,0.2221,0.0000e+00,2.0108e-08,1.1582e-08,0.5226
-0.1755,-0.1760,0.2126,0.0000e+00,6.2559e-09,-2.2346e-08,-1.2978
-0.1755,-0.2126,0.1760,0.0000e+00,-1.6622e-09,2.3145e-08,1.6425
-0.1755,-0.2221,0.1638,0.0000e+00,-2.2201e-08,-6.7514e-09,3.4368
-0.1755,-0.2309,0.1512,0.0000e+00,-2.3195e-08,6.8320e-10,3.1121
-0.1755,-0.2390,0.1380,0.0000e+00,2.2682e-08,4.8999e-09,0.2128
-0.1755,-0.2464,0.1244,0.0000e+00,2.2110e-08,7.0439e-09,0.3084
-0.1755,-0.2529,0.1104,0.0000e+00,2.2081e-08,7.1340e-09,0.3125
-0.1755,-0.2587,0.0961,0.0000e+00,-1.8477e-08,1.4039e-08,2.4918
-0.1755,-0.2721,0.0461,0.0000e+00,-2.3178e-08,-1.1202e-09,3.1899
-0.1755,-0.2743,0.0308,0.0000e+00,-2.0203e-08,1.1415e-08,2.6273
-0.1755,-0.2756,0.0154,0.0000e+00,1.7936e-08,1.4722e-08,0.6873
-0.1755,-0.2760,0.0000,0.0000e+00,2.0568e-08,1.0744e-08,0.4814
-0.1755,-0.2756,-0.0154,0.0000e+00,1.5187e-08,1.7544e-08,0.8573
-0.1755,-0.2743,-0.0308,0.0000e+00,-8.0117e-09,2.1778e-08,1.9233
-0.1755,-0.2721,-0.0461,0.0000e+00,-2.0196e-08,-1.1427e-08,3.6565
-0.1755,-0.2587,-0.0961,0.0000e+00,-2.2919e-08,-3.6299e-09,3.2987
-0.1755,-0.2529,-0.1104,0.0000e+00,-1.6524e-08,1.6291e-08,2.3633
-0.1755,-0.2464,-0.1244,0.0000e+00,-6.5827e-09,2.2252e-08,1.8584
-0.1755,-0.2390,-0.1380,0.0000e+00,8.1668e-09,2.1720e-08,1.2111
-0.1755,-0.2309,-0.1512,0.0000e+00,8.9385e-09,2.1414e-08,1.1754
-0.1755,-0.2221,-0.1638,0.0000e+00,-1.6684e-08,1.6128e-08,2.3732
-0.1755,-0.2126,-0.1760,0.0000e+00,-9.9574e-09,-2.0960e-08,4.2689
-0.1755,-0.1760,-0.2126,0.0000e+00,-7.9358e-09,-2.1806e-08,4.3634
-0.1755,-0.1638,-0.2221,0.0000e+00,-1.4281e-08,1.8290e-08,2.2337
-0.1755,-0.1512,-0.2309,0.0000e+00,-1.4735e-08,1.7926e-08,2.2588
-0.1755,-0.1380,-0.2390,0.0000e+00,-1.9553e-08,-1.2496e-08,3.7102
-0.1755,-0.1244,-0.2464,0.0000e+00,-1.9564e-08,-1.2479e-08,3.7094
-0.1755,-0.1104,-0.2529,0.0000e+00,-2.3150e-08,1.5924e-09,3.0729
-0.1755,-0.0961,-0.2587,0.0000e+00,-2.2485e-08,5.7352e-09,2.8918
-0.1755,-0.0461,-0.2721,0.0000e+00,-2.2611e-08,-5.2163e-09,3.3683
-0.1755,-0.0308,-0.2743,0.0000e+00,-2.1949e-08,-7.5308e-09,3.4721
-0.1755,-0.0154,-0.2756,0.0000e+00,-2.1538e-08,-8.6351e-09,3.5229
-0.1755,-0.0000,-0.2760,0.0000e+00,-2.1826e-08,-7.8806e-09,3.4881
-0.1755,0.0154,-0.2756,0.0000e+00,-2.2706e-08,-4.7832e-09,3.3492
-0.1755,0.0308,-0.2743,0.0000e+00,-2.3198e-08,-5.6715e-10,3.1660
-0.1755,0.0461,-0.2721,0.0000e+00,-2.3131e-08,1.8549e-09,3.0616
-0.1755,0.0961,-0.2587,0.0000e+00,-2.2910e-08,-3.6897e-09,3.3013
-0.1755,0.1104,-0.2529,0.0000e+00,-2.1843e-08,-7.8326e-09,3.4859
-0.1755,0.1244,-0.2464,0.0000e+00,-2.2072e-08,-7.1609e-09,3.4553
-0.1755,0.1380,-0.2390,0.0000e+00,-2.0423e-08,1.1017e-08,2.6469
-0.1755,0.1512,-0.2309,0.0000e+00,-2.1254e-09,2.3107e-08,1.6625
-0.1755,0.1638,-0.2221,0.0000e+00,1.9549e-08,1.2502e-08,0.5690
-0.1755,0.1760,-0.2126,0.0000e+00,6.6492e-09,-2.2232e-08,-1.2802
-0.1755,0.2126,-0.1760,0.0000e+00,-1.8962e-09,2.3127e-08,1.6526
-0.1755,0.2221,-0.1638,0.0000e+00,-2.2213e-08,-6.7128e-09,3.4351
-0.1755,0.2309,-0.1512,0.0000e+00,-2.3202e-08,3.2877e-10,3.1274
-0.1755,0.2390,-0.1380,0.0000e+00,2.2887e-08,3.8250e-09,0.1656
-0.1755,0.2464,-0.1244,0.0000e+00,2.2158e-08,6.8921e-09,0.3016
-0.1755,0.2529,-0.1104,0.0000e+00,2.1592e-08,8.4986e-09,0.3750
-0.1755,0.2587,-0.0961,0.0000e+00,-1.8520e-08,1.3982e-08,2.4949
-0.0585,0.2721,-0.0461,0.0000e+00,4.2879e-09,2.2805e-08,1.3849
-0.0585,0.2743,-0.0308,0.0000e+00,1.4508e-09,2.3159e-08,1.5082
-0.0585,0.2756,-0.0154,0.0000e+00,-2.3121e-08,1.9726e-09,3.0565
-0.0585,0.2760,0.0000,0.0000e+00,7.3831e-10,2.3193e-08,1.5390
-0.0585,0.2756,0.0154,0.0000e+00,1.5065e-08,1.7650e-08,0.8643
-0.0585,0.2743,0.0308,0.0000e+00,-2.4041e-09,2.3080e-08,1.6746
-0.0585,0.2721,0.0461,0.0000e+00,-3.6531e-09,2.2915e-08,1.7289
-0.0585,0.2587,0.0961,0.0000e+00,-5.5577e-09,2.2529e-08,1.8127
-0.0585,0.2529,0.1104,0.0000e+00,-9.0966e-09,2.1347e-08,1.9736
-0.0585,0.2464,0.1244,0.0000e+00,-2.0466e-08,-1.0937e-08,3.6324
-0.0585,0.2390,0.1380,0.0000e+00,-1.6409e-08,1.6408e-08,2.3562
-0.0585,0.2309,0.1512,0.0000e+00,1.8138e-10,2.3204e-08,1.5630
-0.0585,0.2221,0.1638,0.0000e+00,-1.0202e-08,2.0842e-08,2.0260
-0.0585,0.2126,0.1760,0.0000e+00,-9.9828e-09,2.0948e-08,2.0155
-0.0585,0.1760,0.2126,0.0000e+00,-1.8552e-08,1.3939e-08,2.4972
-0.0585,0.1638,0.2221,0.0000e+00,-1.7328e-08,-1.5434e-08,3.8693
-0.0585,0.1512,0.2309,0.0000e+00,-1.4934e-08,1.7761e-08,2.2699
-0.0585,0.1380,0.2390,0.0000e+00,-2.2454e-08,5.8553e-09,2.8865
-0.0585,0.1244,0.2464,0.0000e+00,-1.9881e-08,1.1968e-08,2.5997
-0.0585,0.1104,0.2529,0.0000e+00,1.0917e-08,2.0477e-08,1.0810
-0.0585,0.0961,0.2587,0.0000e+00,-2.1747e-08,8.0939e-09,2.7853
-0.0585,0.0461,0.2721,0.0000e+00,-2.3183e-08,-9.9761e-10,3.1846
-0.0585,0.0308,0.2743,0.0000e+00,-2.2478e-08,5.7615e-09,2.8907
-0.0585,0.0154,0.2756,0.0000e+00,-1.2318e-08,1.9665e-08,2.1304
-0.0585,0.0000,0.2760,0.0000e+00,-6.1914e-09,2.2364e-08,1.8409
-0.0585,-0.0154,0.2756,0.0000e+00,5.0640e-10,2.3199e-08,1.5490
-0.0585,-0.0308,0.2743,0.0000e+00,1.3172e-08,1.9104e-08,0.9672
-0.0585,-0.0461,0.2721,0.0000e+00,2.2016e-08,7.3315e-09,0.3215
-0.0585,-0.0961,0.2587,0.0000e+00,1.2443e-08,1.9586e-08,1.0048
-0.0585,-0.1104,0.2529,0.0000e+00,-5.2914e-09,2.2593e-08,1.8009
-0.0585,-0.1244,0.2464,0.0000e+00,2.2873e-08,-3.9091e-09,-0.1693
-0.0585,-0.1380,0.2390,0.0000e+00,-1.0657e-08,2.0613e-08,2.0480
-0.0585,-0.1512,0.2309,0.0000e+00,2.0258e-08,1.1316e-08,0.5094
-0.0585,-0.1638,0.2221,0.0000e+00,2.1032e-08,9.8042e-09,0.4362
-0.0585,-0.1760,0.2126,0.0000e+00,1.7317e-08,1.5446e-08,0.7284
-0.0585,-0.2126,0.1760,0.0000e+00,2.2391e-08,6.0925e-09,0.2657
-0.0585,-0.2221,0.1638,0.0000e+00,5.6122e-09,2.2516e-08,1.3265
-0.0585,-0.2309,0.1512,0.0000e+00,-2.0019e-08,1.1735e-08,2.6114
-0.0585,-0.2390,0.1380,0.0000e+00,6.1054e-09,2.2387e-08,1.3046
-0.0585,-0.2464,0.1244,0.0000e+00,2.3205e-08,-6.4834e-12,-0.0003
-0.0585,-0.2529,0.1104,0.0000e+00,8.9325e-09,2.1417e-08,1.1757
-0.0585,-0.2587,0.0961,0.0000e+00,8.3059e-09,2.1667e-08,1.2047
-0.0585,-0.2721,0.0461,0.0000e+00,4.6596e-09,2.2732e-08,1.3686
-0.0585,-0.2743,0.0308,0.0000e+00,2.1111e-09,2.3109e-08,1.4797
-0.0585,-0.2756,0.0154,0.0000e+00,-2.3134e-08,1.8095e-09,3.0635
-0.0585,-0.2760,0.0000,0.0000e+00,8.7473e-10,2.3188e-08,1.5331
-0.0585,-0.2756,-0.0154,0.0000e+00,1.9237e-08,1.2977e-08,0.5935
-0.0585,-0.2743,-0.0308,0.0000e+00,-4.8679e-09,2.2688e-08,1.7821
-0.0585,-0.2721,-0.0461,0.0000e+00,-6.7901e-09,2.2189e-08,1.8678
-0.0585,-0.2587,-0.0961,0.0000e+00,-6.4003e-09,2.2305e-08,1.8502
-0.0585,-0.2529,-0.1104,0.0000e+00,-8.4541e-09,2.1610e-08,1.9437
-0.0585,-0.2464,-0.1244,0.0000e+00,-2.2876e-08,-3.8939e-09,3.3102
-0.0585,-0.2390,-0.1380,0.0000e+00,-1.6268e-08,1.6547e-08,2.3477
-0.0585,-0.2309,-0.1512,0.0000e+00,1.6171e-08,1.6643e-08,0.7998
-0.0585,-0.2221,-0.1638,0.0000e+00,-1.4746e-08,1.7917e-08,2.2594
-0.0585,-0.2126,-0.1760,0.0000e+00,-1.4180e-08,1.8368e-08,2.2282
-0.0585,-0.1760,-0.2126,0.0000e+00,-1.8997e-08,1.3325e-08,2.5299
-0.0585,-0.1638,-0.2221,0.0000e+00,-1.7721e-08,-1.4981e-08,3.8434
-0.0585,-0.1512,-0.2309,0.0000e+00,-1.3992e-08,1.8512e-08,2.2180
-0.0585,-0.1380,-0.2390,0.0000e+00,-2.1807e-08,7.9330e-09,2.7927
-0.0585,-0.1244,-0.2464,0.0000e+00,-2.0086e-08,1.1619e-08,2.6171
-0.0585,-0.1104,-0.2529,0.0000e+00,1.5169e-08,1.7561e-08,0.8583
-0.0585,-0.0961,-0.2587,0.0000e+00,-2.2082e-08,7.1305e-09,2.8293
-0.0585,-0.0461,-0.2721,0.0000e+00,-2.3131e-08,-1.8524e-09,3.2215
-0.0585,-0.0308,-0.2743,0.0000e+00,-2.2627e-08,5.1464e-09,2.9180
-0.0585,-0.0154,-0.2756,0.0000e+00,-1.1455e-08,2.0180e-08,2.0871
-0.0585,-0.0000,-0.2760,0.0000e+00,-5.2632e-09,2.2600e-08,1.7996
-0.0585,0.0154,-0.2756,0.0000e+00,1.1902e-09,2.3174e-08,1.5195
-0.0585,0.0308,-0.2743,0.0000e+00,1.3967e-08,1.8531e-08,0.9249
-0.0585,0.0461,-0.2721,0.0000e+00,2.2361e-08,6.2014e-09,0.2705
-0.0585,0.0961,-0.2587,0.0000e+00,1.3452e-08,1.8907e-08,0.9524
-0.0585,0.1104,-0.2529,0.0000e+00,-6.1677e-09,2.2370e-08,1.8398
-0.0585,0.1244,-0.2464,0.0000e+00,2.3152e-08,-1.5691e-09,-0.0677
-0.0585,0.1380,-0.2390,0.0000e+00,-9.5714e-09,2.1139e-08,1.9960
-0.0585,0.1512,-0.2309,0.0000e+00,2.1574e-08,8.5461e-09,0.3772
-0.0585,0.1638,-0.2221,0.0000e+00,2.0609e-08,1.0665e-08,0.4776
-0.0585,0.1760,-0.2126,0.0000e+00,1.7004e-08,1.5790e-08,0.7484
-0.0585,0.2126,-0.1760,0.0000e+00,2.1333e-08,9.1295e-09,0.4044
-0.0585,0.2221,-0.1638,0.0000e+00,7.3998e-09,2.1993e-08,1.2462
-0.0585,0.2309,-0.1512,0.0000e+00,-1.8914e-08,1.3443e-08,2.5237
-0.0585,0.2390,-0.1380,0.0000e+00,7.2048e-09,2.2058e-08,1.2551
-0.0585,0.2464,-0.1244,0.0000e+00,2.3205e-08,2.3135e-11,0.0010
-0.0585,0.2529,-0.1104,0.0000e+00,9.1727e-09,2.1315e-08,1.1644
-0.0585,0.2587,-0.0961,0.0000e+00,8.5540e-09,2.1571e-08,1.1933
0.0585,0.2721,-0.0461,0.0000e+00,5.4463e-09,2.2557e-08,1.3339
0.0585,0.2743,-0.0308,0.0000e+00,2.1940e-09,2.3101e-08,1.4761
0.0585,0.2756,-0.0154,0.0000e+00,-2.3204e-08,1.2825e-10,3.1361
0.0585,0.2760,0.0000,0.0000e+00,1.5835e-09,2.3151e-08,1.5025
0.0585,0.2756,0.0154,0.0000e+00,2.1393e-08,8.9891e-09,0.3978
0.0585,0.2743,0.0308,0.0000e+00,-6.1283e-09,2.2381e-08,1.8381
0.0585,0.2721,0.0461,0.0000e+00,-8.9880e-09,2.1393e-08,1.9685
0.0585,0.2587,0.0961,0.0000e+00,-1.2947e-08,1.9257e-08,2.1627
0.0585,0.2529,0.1104,0.0000e+00,-6.5749e-09,2.2254e-08,1.8581
0.0585,0.2464,0.1244,0.0000e+00,-2.0233e-08,1.1361e-08,2.6299
0.0585,0.2390,0.1380,0.0000e+00,-1.0683e-08,2.0599e-08,2.0492
0.0585,0.2309,0.1512,0.0000e+00,2.2634e-08,-5.1149e-09,-0.2222
0.0585,0.2221,0.1638,0.0000e+00,-1.4511e-08,1.8108e-08,2.2464
0.0585,0.2126,0.1760,0.0000e+00,-1.6009e-08,1.6798e-08,2.3322
0.0585,0.1760,0.2126,0.0000e+00,-2.1369e-08,9.0454e-09,2.7412
0.0585,0.1638,0.2221,0.0000e+00,-1.8782e-08,-1.3627e-08,3.7692
0.0585,0.1512,0.2309,0.0000e+00,-1.3539e-08,1.8845e-08,2.1938
0.0585,0.1380,0.2390,0.0000e+00,-2.1306e-08,9.1940e-09,2.7342
0.0585,0.1244,0.2464,0.0000e+00,-2.0322e-08,1.1202e-08,2.6378
0.0585,0.1104,0.2529,0.0000e+00,1.3139e-08,1.9126e-08,0.9689
0.0585,0.0961,0.2587,0.0000e+00,-2.2147e-08,6.9263e-09,2.8385
0.0585,0.0461,0.2721,0.0000e+00,-2.3204e-08,-1.9577e-10,3.1500
0.0585,0.0308,0.2743,0.0000e+00,-2.2175e-08,6.8346e-09,2.8426
0.0585,0.0154,0.2756,0.0000e+00,-1.1502e-08,2.0153e-08,2.0894
0.0585,0.0000,0.2760,0.0000e+00,-5.1065e-09,2.2636e-08,1.7927
0.0585,-0.0154,0.2756,0.0000e+00,2.2478e-09,2.3096e-08,1.4738
0.0585,-0.0308,0.2743,0.0000e+00,1.4792e-08,1.7879e-08,0.8796
0.0585,-0.0461,0.2721,0.0000e+00,2.1864e-08,7.7731e-09,0.3416
0.0585,-0.0961,0.2587,0.0000e+00,1.3299e-08,1.9016e-08,0.9605
0.0585,-0.1104,0.2529,0.0000e+00,-5.1958e-09,2.2616e-08,1.7966
0.0585,-0.1244,0.2464,0.0000e+00,2.3053e-08,-2.6494e-09,-0.1144
0.0585,-0.1380,0.2390,0.0000e+00,-1.0727e-08,2.0577e-08,2.0513
0.0585,-0.1512,0.2309,0.0000e+00,2.0945e-08,9.9876e-09,0.4450
0.0585,-0.1638,0.2221,0.0000e+00,2.0948e-08,9.9817e-09,0.4447
0.0585,-0.1760,0.2126,0.0000e+00,1.7175e-08,1.5603e-08,0.7375
0.0585,-0.2126,0.1760,0.0000e+00,2.2884e-08,3.8445e-09,0.1664
0.0585,-0.2221,0.1638,0.0000e+00,5.1301e-09,2.2631e-08,1.3479
0.0585,-0.2309,0.1512,0.0000e+00,-2.0507e-08,1.0859e-08,2.6546
0.0585,-0.2390,0.1380,0.0000e+00,4.3755e-09,2.2789e-08,1.3811
0.0585,-0.2464,0.1244,0.0000e+00,2.3205e-08,-6.0086e-12,-0.0003
0.0585,-0.2529,0.1104,0.0000e+00,9.1078e-09,2.1343e-08,1.1675
0.0585,-0.2587,0.0961,0.0000e+00,8.4572e-09,2.1609e-08,1.1977
0.0585,-0.2721,0.0461,0.0000e+00,4.5942e-09,2.2745e-08,1.3715
0.0585,-0.2743,0.0308,0.0000e+00,1.8662e-09,2.3130e-08,1.4903
0.0585,-0.2756,0.0154,0.0000e+00,-2.3185e-08,9.5726e-10,3.1003
0.0585,-0.2760,0.0000,0.0000e+00,1.7426e-09,2.3139e-08,1.4956
0.0585,-0.2756,-0.0154,0.0000e+00,1.9430e-08,1.2686e-08,0.5784
0.0585,-0.2743,-0.0308,0.0000e+00,-5.1727e-09,2.2621e-08,1.7956
0.0585,-0.2721,-0.0461,0.0000e+00,-7.8759e-09,2.1827e-08,1.9171
0.0585,-0.2587,-0.0961,0.0000e+00,-8.1398e-09,2.1730e-08,1.9292
0.0585,-0.2529,-0.1104,0.0000e+00,-7.8127e-09,2.1850e-08,1.9142
0.0585,-0.2464,-0.1244,0.0000e+00,-2.3099e-08,2.2100e-09,3.0462
0.0585,-0.2390,-0.1380,0.0000e+00,-1.4537e-08,1.8087e-08,2.2478
0.0585,-0.2309,-0.1512,0.0000e+00,2.1520e-08,8.6817e-09,0.3835
0.0585,-0.2221,-0.1638,0.0000e+00,-1.5291e-08,1.7454e-08,2.2903
0.0585,-0.2126,-0.1760,0.0000e+00,-1.5530e-08,1.7242e-08,2.3040
0.0585,-0.1760,-0.2126,0.0000e+00,-1.9777e-08,1.2138e-08,2.5911
0.0585,-0.1638,-0.2221,0.0000e+00,-1.8153e-08,-1.4454e-08,3.8140
0.0585,-0.1512,-0.2309,0.0000e+00,-1.3521e-08,1.8859e-08,2.1928
0.0585,-0.1380,-0.2390,0.0000e+00,-2.2619e-08,5.1799e-09,2.9165
0.0585,-0.1244,-0.2464,0.0000e+00,-2.0290e-08,1.1260e-08,2.6350
0.0585,-0.1104,-0.2529,0.0000e+00,9.0171e-09,2.1381e-08,1.1717
0.0585,-0.0961,-0.2587,0.0000e+00,-2.1448e-08,8.8581e-09,2.7499
0.0585,-0.0461,-0.2721,0.0000e+00,-2.3202e-08,3.7512e-10,3.1254
0.0585,-0.0308,-0.2743,0.0000e+00,-2.2319e-08,6.3489e-09,2.8645
0.0585,-0.0154,-0.2756,0.0000e+00,-1.2040e-08,1.9837e-08,2.1163
0.0585,-0.0000,-0.2760,0.0000e+00,-5.4275e-09,2.2561e-08,1.8069
0.0585,0.0154,-0.2756,0.0000e+00,1.1711e-09,2.3175e-08,1.5203
0.0585,0.0308,-0.2743,0.0000e+00,1.3413e-08,1.8935e-08,0.9545
0.0585,0.0461,-0.2721,0.0000e+00,2.2049e-08,7.2322e-09,0.3169
0.0585,0.0961,-0.2587,0.0000e+00,1.2428e-08,1.9596e-08,1.0056
0.0585,0.1104,-0.2529,0.0000e+00,-5.7021e-09,2.2493e-08,1.8191
0.0585,0.1244,-0.2464,0.0000e+00,2.2691e-08,-4.8576e-09,-0.2109
0.0585,0.1380,-0.2390,0.0000e+00,-1.1157e-08,2.0346e-08,2.0724
0.0585,0.1512,-0.2309,0.0000e+00,1.9443e-08,1.2666e-08,0.5774
0.0585,0.1638,-0.2221,0.0000e+00,2.1281e-08,9.2505e-09,0.4100
0.0585,0.1760,-0.2126,0.0000e+00,1.7724e-08,1.4977e-08,0.7016
0.0585,0.2126,-0.1760,0.0000e+00,2.3200e-08,4.6493e-10,0.0200
0.0585,0.2221,-0.1638,0.0000e+00,3.6100e-09,2.2922e-08,1.4146
0.0585,0.2309,-0.1512,0.0000e+00,-2.1048e-08,9.7703e-09,2.7070
0.0585,0.2390,-0.1380,0.0000e+00,2.6842e-09,2.3049e-08,1.4549
0.0585,0.2464,-0.1244,0.0000e+00,2.3205e-08,-5.8824e-12,-0.0003
0.0585,0.2529,-0.1104,0.0000e+00,8.9848e-09,2.1395e-08,1.1732
0.0585,0.2587,-0.0961,0.0000e+00,8.3200e-09,2.1662e-08,1.2041
0.1755,0.2721,-0.0461,0.0000e+00,-2.3161e-08,-1.4216e-09,3.2029
0.1755,0.2743,-0.0308,0.0000e+00,-1.8699e-08,1.3741e-08,2.5078
0.1755,0.2756,-0.0154,0.0000e+00,1.8843e-08,1.3542e-08,0.6231
0.1755,0.2760,0.0000,0.0000e+00,2.0766e-08,1.0356e-08,0.4626
0.1755,0.2756,0.0154,0.0000e+00,1.5246e-08,1.7493e-08,0.8539
0.1755,0.2743,0.0308,0.0000e+00,-9.3574e-09,2.1234e-08,1.9859
0.1755,0.2721,0.0461,0.0000e+00,-1.9958e-08,-1.1839e-08,3.6770
0.1755,0.2587,0.0961,0.0000e+00,-2.2476e-08,-5.7682e-09,3.3928
0.1755,0.2529,0.1104,0.0000e+00,-1.7274e-08,1.5494e-08,2.4105
0.1755,0.2464,0.1244,0.0000e+00,-6.6718e-09,2.2225e-08,1.8624
0.1755,0.2390,0.1380,0.0000e+00,5.8568e-09,2.2454e-08,1.3156
0.1755,0.2309,0.1512,0.0000e+00,6.0880e-09,2.2392e-08,1.3053
0.1755,0.2221,0.1638,0.0000e+00,-1.3712e-08,1.8720e-08,2.2030
0.1755,0.2126,0.1760,0.0000e+00,-1.3133e-08,-1.9131e-08,4.1108
0.1755,0.1760,0.2126,0.0000e+00,-1.0076e-08,-2.0903e-08,4.2632
0.1755,0.1638,0.2221,0.0000e+00,-1.2341e-08,1.9651e-08,2.1315
0.1755,0.1512,0.2309,0.0000e+00,-1.2571e-08,1.9504e-08,2.1433
0.1755,0.1380,0.2390,0.0000e+00,-1.9505e-08,-1.2570e-08,3.7140
0.1755,0.1244,0.2464,0.0000e+00,-1.9024e-08,-1.3287e-08,3.7512
0.1755,0.1104,0.2529,0.0000e+00,-2.3166e-08,1.3469e-09,3.0835
0.1755,0.0961,0.2587,0.0000e+00,-2.2443e-08,5.8958e-09,2.8847
0.1755,0.0461,0.2721,0.0000e+00,-2.2677e-08,-4.9212e-09,3.3553
0.1755,0.0308,0.2743,0.0000e+00,-2.2093e-08,-7.0959e-09,3.4524
0.1755,0.0154,0.2756,0.0000e+00,-2.1759e-08,-8.0622e-09,3.4964
0.1755,0.0000,0.2760,0.0000e+00,-2.2055e-08,-7.2142e-09,3.4577
0.1755,-0.0154,0.2756,0.0000e+00,-2.2823e-08,-4.1916e-09,3.3232
0.1755,-0.0308,0.2743,0.0000e+00,-2.3203e-08,-2.6509e-10,3.1530
0.1755,-0.0461,0.2721,0.0000e+00,-2.3123e-08,1.9438e-09,3.0577
0.1755,-0.0961,0.2587,0.0000e+00,-2.3001e-08,-3.0675e-09,3.2742
0.1755,-0.1104,0.2529,0.0000e+00,-2.2166e-08,-6.8662e-09,3.4420
0.1755,-0.1244,0.2464,0.0000e+00,-2.2374e-08,-6.1525e-09,3.4099
0.1755,-0.1380,0.2390,0.0000e+00,-2.0091e-08,1.1610e-08,2.6176
0.1755,-0.1512,0.2309,0.0000e+00,-1.2981e-09,2.3168e-08,1.6268
0.1755,-0.1638,0.2221,0.0000e+00,1.8886e-08,1.3482e-08,0.6200
0.1755,-0.1760,0.2126,0.0000e+00,8.2280e-09,-2.1697e-08,-1.2083
0.1755,-0.2126,0.1760,0.0000e+00,2.9885e-10,2.3203e-08,1.5579
0.1755,-0.2221,0.1638,0.0000e+00,-2.2399e-08,-6.0607e-09,3.4058
0.1755,-0.2309,0.1512,0.0000e+00,-2.3190e-08,8.3273e-10,3.1057
0.1755,-0.2390,0.1380,0.0000e+00,2.3019e-08,2.9332e-09,0.1267
0.1755,-0.2464,0.1244,0.0000e+00,2.1809e-08,7.9269e-09,0.3486
0.1755,-0.2529,0.1104,0.0000e+00,2.1729e-08,8.1430e-09,0.3586
0.1755,-0.2587,0.0961,0.0000e+00,-1.8538e-08,1.3957e-08,2.4962
0.1755,-0.2721,0.0461,0.0000e+00,-2.3159e-08,-1.4499e-09,3.2041
0.1755,-0.2743,0.0308,0.0000e+00,-1.9278e-08,1.2916e-08,2.5513
0.1755,-0.2756,0.0154,0.0000e+00,1.8352e-08,1.4201e-08,0.6585
0.1755,-0.2760,0.0000,0.0000e+00,2.0821e-08,1.0243e-08,0.4572
0.1755,-0.2756,-0.0154,0.0000e+00,1.5646e-08,1.7137e-08,0.8309
0.1755,-0.2743,-0.0308,0.0000e+00,-9.0777e-09,2.1356e-08,1.9727
0.1755,-0.2721,-0.0461,0.0000e+00,-1.9979e-08,-1.1803e-08,3.6752
0.1755,-0.2587,-0.0961,0.0000e+00,-2.2784e-08,-4.4003e-09,3.3324
0.1755,-0.2529,-0.1104,0.0000e+00,-1.7194e-08,1.5583e-08,2.4053
0.1755,-0.2464,-0.1244,0.0000e+00,-7.2166e-09,2.2054e-08,1.8870
0.1755,-0.2390,-0.1380,0.0000e+00,6.9081e-09,2.2153e-08,1.2685
0.1755,-0.2309,-0.1512,0.0000e+00,7.3228e-09,2.2019e-08,1.2497
0.1755,-0.2221,-0.1638,0.0000e+00,-1.4393e-08,1.8202e-08,2.2399
0.1755,-0.2126,-0.1760,0.0000e+00,-1.1874e-08,-1.9936e-08,4.1752
0.1755,-0.1760,-0.2126,0.0000e+00,-9.4982e-09,-2.1172e-08,4.2907
0.1755,-0.1638,-0.2221,0.0000e+00,-1.2762e-08,1.9380e-08,2.1531
0.1755,-0.1512,-0.2309,0.0000e+00,-1.4129e-08,1.8408e-08,2.2254
0.1755,-0.1380,-0.2390,0.0000e+00,-1.9415e-08,-1.2708e-08,3.7212
0.1755,-0.1244,-0.2464,0.0000e+00,-1.9116e-08,-1.3154e-08,3.7443
0.1755,-0.1104,-0.2529,0.0000e+00,-2.3135e-08,1.7976e-09,3.0640
0.1755,-0.0961,-0.2587,0.0000e+00,-2.2321e-08,6.3426e-09,2.8647
0.1755,-0.0461,-0.2721,0.0000e+00,-2.2663e-08,-4.9833e-09,3.3580
0.1755,-0.0308,-0.2743,0.0000e+00,-2.2044e-08,-7.2486e-09,3.4593
0.1755,-0.0154,-0.2756,0.0000e+00,-2.1674e-08,-8.2879e-09,3.5068
0.1755,-0.0000,-0.2760,0.0000e+00,-2.1966e-08,-7.4817e-09,3.4699
0.1755,0.0154,-0.2756,0.0000e+00,-2.2783e-08,-4.4024e-09,3.3325
0.1755,0.0308,-0.2743,0.0000e+00,-2.3203e-08,-2.7302e-10,3.1534
0.1755,0.0461,-0.2721,0.0000e+00,-2.3108e-08,2.1128e-09,3.0504
0.1755,0.0961,-0.2587,0.0000e+00,-2.2985e-08,-3.1854e-09,3.2793
0.1755,0.1104,-0.2529,0.0000e+00,-2.2044e-08,-7.2469e-09,3.4592
0.1755,0.1244,-0.2464,0.0000e+00,-2.2146e-08,-6.9297e-09,3.4449
0.1755,0.1380,-0.2390,0.0000e+00,-2.0292e-08,1.1255e-08,2.6352
0.1755,0.1512,-0.2309,0.0000e+00,-1.6310e-09,2.3147e-08,1.6411
0.1755,0.1638,-0.2221,0.0000e+00,1.7501e-08,1.5237e-08,0.7164
0.1755,0.1760,-0.2126,0.0000e+00,9.0229e-09,-2.1379e-08,-1.1714
0.1755,0.2126,-0.1760,0.0000e+00,2.1785e-09,2.3102e-08,1.4768
0.1755,0.2221,-0.1638,0.0000e+00,-2.2358e-08,-6.2121e-09,3.4126
0.1755,0.2309,-0.1512,0.0000e+00,-2.3204e-08,-2.1211e-10,3.1507
0.1755,0.2390,-0.1380,0.0000e+00,2.2905e-08,3.7179e-09,0.1609
0.1755,0.2464,-0.1244,0.0000e+00,2.1986e-08,7.4209e-09,0.3255
0.1755,0.2529,-0.1104,0.0000e+00,2.1338e-08,9.1179e-09,0.4038
0.1755,0.2587,-0.0961,0.0000e+00,-1.9518e-08,1.2550e-08,2.5701
