x[m],y[m],z[m],dirx[m^2A],diry[m^2A],dirz[m^2A],rotation_xy[rad]
-0.1755,0.2721,-0.0461,0.0000e+00,-1.8307e-08,1.4259e-08,2.4799
-0.1755,0.2743,-0.0308,0.0000e+00,3.4848e-09,-2.2942e-08,4.8631
-0.1755,0.2756,-0.0154,0.0000e+00,8.0414e-09,2.1767e-08,290.2434
-0.1755,0.2760,0.0000,0.0000e+00,1.4397e-09,2.3160e-08,45.4910
-0.1755,0.2756,0.0154,0.0000e+00,-1.9225e-09,2.3125e-08,-23.4790
-0.1755,0.2743,0.0308,0.0000e+00,-6.8301e-09,2.2177e-08,-60.9623
-0.1755,0.2721,0.0461,0.0000e+00,-1.5165e-08,1.7564e-08,140.5131
-0.1755,0.2587,0.0961,0.0000e+00,4.1144e-09,-2.2837e-08,-1.3925
-0.1755,0.2529,0.1104,0.0000e+00,-2.1363e-08,-9.0601e-09,280.0029
-0.1755,0.2464,0.1244,0.0000e+00,-1.4104e-08,1.8427e-08,2.2241
-0.1755,0.2390,0.1380,0.0000e+00,2.7942e-09,2.3036e-08,1.4501
-0.1755,0.2309,0.1512,0.0000e+00,-1.7213e-08,1.5562e-08,2.4065
-0.1755,0.2221,0.1638,0.0000e+00,-2.3170e-08,-1.2642e-09,3.1961
-0.1755,0.2126,0.1760,0.0000e+00,-1.9328e-08,1.2841e-08,2.5552
-0.1755,0.1760,0.2126,0.0000e+00,-2.2932e-08,3.5487e-09,2.9881
-0.1755,0.1638,0.2221,0.0000e+00,-1.7284e-08,1.5483e-08,2.4111
-0.1755,0.1512,0.2309,0.0000e+00,2.1715e-08,-8.1818e-09,-0.3603
-0.1755,0.1380,0.2390,0.0000e+00,1.9378e-08,1.2766e-08,0.5825
-0.1755,0.1244,0.2464,0.0000e+00,2.2359e-08,-6.2076e-09,-0.2708
-0.1755,0.1104,0.2529,0.0000e+00,2.3200e-08,4.8964e-10,0.0211
-0.1755,0.0961,0.2587,0.0000e+00,-1.2905e-08,-1.9285e-08,268.0164
-0.1755,0.0461,0.2721,0.0000e+00,-1.5362e-08,1.7392e-08,2.2943
-0.1755,0.0308,0.2743,0.0000e+00,1.4420e-08,1.8181e-08,0.9003
-0.1755,0.0154,0.2756,0.0000e+00,-2.2393e-08,-6.0849e-09,3.4069
-0.1755,0.0000,0.2760,0.0000e+00,1.5561e-08,1.7214e-08,0.8358
-0.1755,-0.0154,0.2756,0.0000e+00,2.2133e-08,-6.9698e-09,-0.3051
-0.1755,-0.0308,0.2743,0.0000e+00,2.0777e-08,-1.0334e-08,-0.4616
-0.1755,-0.0461,0.2721,0.0000e+00,2.2484e-08,-5.7381e-09,-0.2499
-0.1755,-0.0961,0.2587,0.0000e+00,2.1527e-08,8.6622e-09,0.3826
-0.1755,-0.1104,0.2529,0.0000e+00,1.9263e-08,1.2938e-08,0.5915
-0.1755,-0.1244,0.2464,0.0000e+00,8.8089e-09,2.1468e-08,1.1814
-0.1755,-0.1380,0.2390,0.0000e+00,1.7003e-08,1.5791e-08,0.7484
-0.1755,-0.1512,0.2309,0.0000e+00,-1.7438e-08,-1.5310e-08,-2.4211
-0.1755,-0.1638,0.2221,0.0000e+00,-1.4509e-08,-1.8110e-08,-2.2463
-0.1755,-0.1760,0.2126,0.0000e+00,-8.9149e-09,-2.1424e-08,-1.9651
-0.1755,-0.2126,0.1760,0.0000e+00,6.6309e-09,-2.2237e-08,-1.2810
-0.1755,-0.2221,0.1638,0.0000e+00,1.0614e-08,-2.0635e-08,-1.0957
-0.1755,-0.2309,0.1512,0.0000e+00,-5.0806e-09,-2.2642e-08,-1.7915
-0.1755,-0.2390,0.1380,0.0000e+00,6.0418e-09,-2.2404e-08,-1.3074
-0.1755,-0.2464,0.1244,0.0000e+00,1.6227e-08,-1.6587e-08,-0.7964
-0.1755,-0.2529,0.1104,0.0000e+00,1.1865e-08,-1.9942e-08,-1.0341
-0.1755,-0.2587,0.0961,0.0000e+00,-5.0626e-09,-2.2646e-08,-1.7907
-0.1755,-0.2721,0.0461,0.0000e+00,-2.0674e-08,1.0539e-08,2.6702
-0.1755,-0.2743,0.0308,0.0000e+00,-2.2847e-08,-4.0600e-09,3.3175
-0.1755,-0.2756,0.0154,0.0000e+00,-8.1847e-09,2.1713e-08,1.9313
-0.1755,-0.2760,0.0000,0.0000e+00,-2.1234e-08,9.3591e-09,90.6910
-0.1755,-0.2756,-0.0154,0.0000e+00,-1.7556e-08,1.5174e-08,8.7120
-0.1755,-0.2743,-0.0308,0.0000e+00,-1.6825e-08,1.5981e-08,2.3819
-0.1755,-0.2721,-0.0461,0.0000e+00,-2.3088e-08,2.3266e-09,15.6075
-0.1755,-0.2587,-0.0961,0.0000e+00,-2.2789e-08,-4.3738e-09,3.3312
-0.1755,-0.2529,-0.1104,0.0000e+00,5.9141e-09,2.2438e-08,1.3131
-0.1755,-0.2464,-0.1244,0.0000e+00,8.1567e-09,2.1724e-08,1.2116
-0.1755,-0.2390,-0.1380,0.0000e+00,-2.2424e-08,-5.9681e-09,3.4017
-0.1755,-0.2309,-0.1512,0.0000e+00,2.3164e-08,-1.3739e-09,-0.0592
-0.1755,-0.2221,-0.1638,0.0000e+00,-2.6329e-09,2.3055e-08,1.6845
-0.1755,-0.2126,-0.1760,0.0000e+00,-7.1335e-09,-2.2081e-08,356.2583
-0.1755,-0.1760,-0.2126,0.0000e+00,-1.9790e-08,1.2117e-08,2.5922
-0.1755,-0.1638,-0.2221,0.0000e+00,-1.6069e-08,1.6741e-08,2.3357
-0.1755,-0.1512,-0.2309,0.0000e+00,-1.9340e-08,1.2823e-08,2.5561
-0.1755,-0.1380,-0.2390,0.0000e+00,-2.1738e-08,-8.1192e-09,3.4991
-0.1755,-0.1244,-0.2464,0.0000e+00,1.4296e-08,-1.8278e-08,5.3762
-0.1755,-0.1104,-0.2529,0.0000e+00,6.8654e-09,-2.2166e-08,-1.2704
-0.1755,-0.0961,-0.2587,0.0000e+00,1.3225e-08,-1.9067e-08,-0.9644
-0.1755,-0.0461,-0.2721,0.0000e+00,2.2855e-08,-4.0122e-09,-0.1738
-0.1755,-0.0308,-0.2743,0.0000e+00,1.7343e-08,-1.5417e-08,-0.7267
-0.1755,-0.0154,-0.2756,0.0000e+00,2.2623e-08,5.1636e-09,0.2244
-0.1755,-0.0000,-0.2760,0.0000e+00,2.3117e-08,-2.0114e-09,-0.0868
-0.1755,0.0154,-0.2756,0.0000e+00,1.9437e-08,1.2676e-08,0.5779
-0.1755,0.0308,-0.2743,0.0000e+00,2.3204e-08,2.2288e-10,0.0096
-0.1755,0.0461,-0.2721,0.0000e+00,2.1728e-08,8.1454e-09,0.3587
-0.1755,0.0961,-0.2587,0.0000e+00,2.3024e-08,2.8876e-09,0.1248
-0.1755,0.1104,-0.2529,0.0000e+00,2.3185e-08,-9.5054e-10,-0.0410
-0.1755,0.1244,-0.2464,0.0000e+00,2.2951e-09,-2.3091e-08,-1.4717
-0.1755,0.1380,-0.2390,0.0000e+00,1.6992e-08,1.5803e-08,-11.8172
-0.1755,0.1512,-0.2309,0.0000e+00,2.3215e-09,-2.3088e-08,-1.4706
-0.1755,0.1638,-0.2221,0.0000e+00,6.1336e-09,-2.2379e-08,-1.3033
-0.1755,0.1760,-0.2126,0.0000e+00,8.6987e-09,-2.1513e-08,-1.1865
-0.1755,0.2126,-0.1760,0.0000e+00,1.5958e-08,-1.6846e-08,-19.6620
-0.1755,0.2221,-0.1638,0.0000e+00,1.3327e-08,-1.8996e-08,11.6073
-0.1755,0.2309,-0.1512,0.0000e+00,4.9818e-09,-2.2664e-08,-1.3544
-0.1755,0.2390,-0.1380,0.0000e+00,2.1242e-08,-9.3396e-09,-251.7416
-0.1755,0.2464,-0.1244,0.0000e+00,1.8264e-08,1.4314e-08,-11.9016
-0.1755,0.2529,-0.1104,0.0000e+00,2.0636e-08,-1.0613e-08,5.8082
-0.1755,0.2587,-0.0961,0.0000e+00,2.0777e-08,1.0333e-08,0.4615
-0.0585,0.2721,-0.0461,0.0000e+00,1.0227e-08,2.0830e-08,-5.1688
-0.0585,0.2743,-0.0308,0.0000e+00,-1.1877e-08,-1.9935e-08,-2.1081
-0.0585,0.2756,-0.0154,0.0000e+00,-2.0055e-08,1.1672e-08,-3.6687
-0.0585,0.2760,0.0000,0.0000e+00,-3.7701e-09,-2.2896e-08,-1.7340
-0.0585,0.2756,0.0154,0.0000e+00,-1.3520e-08,-1.8859e-08,-2.1928
-0.0585,0.2743,0.0308,0.0000e+00,-2.2564e-08,5.4147e-09,-3.3771
-0.0585,0.2721,0.0461,0.0000e+00,-1.1743e-08,-2.0014e-08,-2.1014
-0.0585,0.2587,0.0961,0.0000e+00,-1.1354e-08,-2.0237e-08,-2.0821
-0.0585,0.2529,0.1104,0.0000e+00,8.2916e-10,-2.3190e-08,-1.5351
-0.0585,0.2464,0.1244,0.0000e+00,-6.4354e-09,-2.2295e-08,-1.8518
-0.0585,0.2390,0.1380,0.0000e+00,-2.1889e-08,7.7034e-09,-3.4800
-0.0585,0.2309,0.1512,0.0000e+00,-2.0833e-08,1.0220e-08,-3.5976
-0.0585,0.2221,0.1638,0.0000e+00,-2.1385e-08,-9.0089e-09,-2.7429
-0.0585,0.2126,0.1760,0.0000e+00,-2.2211e-08,6.7172e-09,-3.4353
-0.0585,0.1760,0.2126,0.0000e+00,-1.2679e-08,1.9434e-08,-4.1343
-0.0585,0.1638,0.2221,0.0000e+00,-2.3120e-08,-1.9853e-09,-3.0559
-0.0585,0.1512,0.2309,0.0000e+00,-2.2161e-08,-6.8804e-09,-2.8406
-0.0585,0.1380,0.2390,0.0000e+00,1.1311e-08,-2.0261e-08,-1.0616
-0.0585,0.1244,0.2464,0.0000e+00,1.3238e-08,-1.9059e-08,-0.9637
-0.0585,0.1104,0.2529,0.0000e+00,1.7772e-08,-1.4920e-08,-0.6984
-0.0585,0.0961,0.2587,0.0000e+00,1.7077e-08,-1.5711e-08,-0.7438
-0.0585,0.0461,0.2721,0.0000e+00,2.2318e-08,6.3552e-09,0.2774
-0.0585,0.0308,0.2743,0.0000e+00,2.0254e-08,1.1323e-08,0.5098
-0.0585,0.0154,0.2756,0.0000e+00,1.7738e-08,1.4961e-08,0.7007
-0.0585,0.0000,0.2760,0.0000e+00,1.7582e-08,1.5144e-08,0.7110
-0.0585,-0.0154,0.2756,0.0000e+00,2.1515e-08,8.6919e-09,0.3839
-0.0585,-0.0308,0.2743,0.0000e+00,2.2880e-08,3.8690e-09,0.1675
-0.0585,-0.0461,0.2721,0.0000e+00,2.1084e-08,9.6925e-09,0.4309
-0.0585,-0.0961,0.2587,0.0000e+00,1.8006e-08,1.4637e-08,0.6825
-0.0585,-0.1104,0.2529,0.0000e+00,-1.4590e-08,1.8044e-08,2.2507
-0.0585,-0.1244,0.2464,0.0000e+00,1.0535e-08,2.0676e-08,1.0995
-0.0585,-0.1380,0.2390,0.0000e+00,-1.6097e-08,1.6714e-08,2.3374
-0.0585,-0.1512,0.2309,0.0000e+00,1.3347e-08,1.8982e-08,0.9580
-0.0585,-0.1638,0.2221,0.0000e+00,1.1838e-08,1.9958e-08,1.0354
-0.0585,-0.1760,0.2126,0.0000e+00,9.5149e-09,2.1164e-08,1.1483
-0.0585,-0.2126,0.1760,0.0000e+00,1.8561e-08,-1.3927e-08,5.6395
-0.0585,-0.2221,0.1638,0.0000e+00,1.3660e-08,-1.8758e-08,5.3418
-0.0585,-0.2309,0.1512,0.0000e+00,-5.1536e-09,-2.2625e-08,4.4884
-0.0585,-0.2390,0.1380,0.0000e+00,3.6097e-09,-2.2922e-08,4.8686
-0.0585,-0.2464,0.1244,0.0000e+00,1.4935e-08,-1.7760e-08,5.4116
-0.0585,-0.2529,0.1104,0.0000e+00,2.3203e-08,-2.5753e-10,6.2721
-0.0585,-0.2587,0.0961,0.0000e+00,-1.3000e-08,-1.9221e-08,4.1177
-0.0585,-0.2721,0.0461,0.0000e+00,-1.4242e-08,1.8320e-08,2.2316
-0.0585,-0.2743,0.0308,0.0000e+00,-1.4111e-08,1.8421e-08,2.2245
-0.0585,-0.2756,0.0154,0.0000e+00,-2.3572e-09,2.3085e-08,1.6726
-0.0585,-0.2760,0.0000,0.0000e+00,-2.2685e-08,4.8827e-09,2.9296
-0.0585,-0.2756,-0.0154,0.0000e+00,-1.9517e-08,1.2552e-08,2.5700
-0.0585,-0.2743,-0.0308,0.0000e+00,-2.3182e-08,1.0296e-09,3.0972
-0.0585,-0.2721,-0.0461,0.0000e+00,-2.3179e-08,1.1009e-09,3.0941
-0.0585,-0.2587,-0.0961,0.0000e+00,-1.8722e-08,-1.3709e-08,3.7736
-0.0585,-0.2529,-0.1104,0.0000e+00,-1.9563e-08,-1.2480e-08,-2.5738
-0.0585,-0.2464,-0.1244,0.0000e+00,7.5087e-09,-2.1956e-08,-1.2413
-0.0585,-0.2390,-0.1380,0.0000e+00,-1.2530e-08,-1.9531e-08,-2.1412
-0.0585,-0.2309,-0.1512,0.0000e+00,2.2793e-09,-2.3093e-08,-1.4724
-0.0585,-0.2221,-0.1638,0.0000e+00,-1.1983e-08,-1.9871e-08,-2.1135
-0.0585,-0.2126,-0.1760,0.0000e+00,-1.3775e-09,-2.3164e-08,-1.6302
-0.0585,-0.1760,-0.2126,0.0000e+00,4.5684e-09,-2.2751e-08,-1.3726
-0.0585,-0.1638,-0.2221,0.0000e+00,8.1241e-09,-2.1736e-08,-1.2131
-0.0585,-0.1512,-0.2309,0.0000e+00,1.8226e-08,-1.4362e-08,-0.6674
-0.0585,-0.1380,-0.2390,0.0000e+00,2.0139e-08,-1.1527e-08,-0.5198
-0.0585,-0.1244,-0.2464,0.0000e+00,1.8582e-08,-1.3898e-08,-0.6422
-0.0585,-0.1104,-0.2529,0.0000e+00,7.5358e-09,-2.1947e-08,-1.2400
-0.0585,-0.0961,-0.2587,0.0000e+00,1.6654e-08,-1.6159e-08,-0.7703
-0.0585,-0.0461,-0.2721,0.0000e+00,2.2968e-08,-3.3075e-09,-0.1430
-0.0585,-0.0308,-0.2743,0.0000e+00,2.3203e-08,-2.5465e-10,-0.0110
-0.0585,-0.0154,-0.2756,0.0000e+00,2.0788e-08,1.0312e-08,0.4605
-0.0585,-0.0000,-0.2760,0.0000e+00,2.0573e-08,1.0734e-08,0.4809
-0.0585,0.0154,-0.2756,0.0000e+00,1.8206e-08,1.4388e-08,0.6688
-0.0585,0.0308,-0.2743,0.0000e+00,9.9472e-09,2.0965e-08,1.1278
-0.0585,0.0461,-0.2721,0.0000e+00,-1.1687e-08,2.0047e-08,2.0986
-0.0585,0.0961,-0.2587,0.0000e+00,-1.8216e-08,1.4374e-08,2.4735
-0.0585,0.1104,-0.2529,0.0000e+00,-1.7929e-08,1.4731e-08,2.4538
-0.0585,0.1244,-0.2464,0.0000e+00,-1.8615e-08,1.3855e-08,2.5017
-0.0585,0.1380,-0.2390,0.0000e+00,-1.9370e-08,1.2778e-08,2.5584
-0.0585,0.1512,-0.2309,0.0000e+00,-1.9318e-08,1.2856e-08,2.5544
-0.0585,0.1638,-0.2221,0.0000e+00,-2.1119e-08,9.6143e-09,2.7144
-0.0585,0.1760,-0.2126,0.0000e+00,-1.8790e-08,1.3617e-08,2.5145
-0.0585,0.2126,-0.1760,0.0000e+00,-1.8769e-08,1.3645e-08,2.5130
-0.0585,0.2221,-0.1638,0.0000e+00,-5.7248e-09,2.2488e-08,1.8201
-0.0585,0.2309,-0.1512,0.0000e+00,-4.3482e-09,2.2794e-08,1.7593
-0.0585,0.2390,-0.1380,0.0000e+00,-6.1051e-09,2.2387e-08,1.8370
-0.0585,0.2464,-0.1244,0.0000e+00,-1.2237e-09,2.3172e-08,1.6236
-0.0585,0.2529,-0.1104,0.0000e+00,-6.7005e-09,2.2216e-08,1.8637
-0.0585,0.2587,-0.0961,0.0000e+00,7.9655e-09,2.1795e-08,1.2204
0.0585,0.2721,-0.0461,0.0000e+00,-9.0707e-09,2.1358e-08,-4.3108
0.0585,0.2743,-0.0308,0.0000e+00,-2.1647e-08,8.3582e-09,-3.5101
0.0585,0.2756,-0.0154,0.0000e+00,-8.5650e-09,2.1566e-08,-4.3343
0.0585,0.2760,0.0000,0.0000e+00,-1.0418e-08,2.0734e-08,-4.2468
0.0585,0.2756,0.0154,0.0000e+00,-1.9402e-08,1.2729e-08,-3.7222
0.0585,0.2743,0.0308,0.0000e+00,-1.9124e-08,-1.3143e-08,-2.5395
0.0585,0.2721,0.0461,0.0000e+00,7.8271e-09,-2.1845e-08,-1.2267
0.0585,0.2587,0.0961,0.0000e+00,1.4064e-08,-1.8457e-08,-0.9197
0.0585,0.2529,0.1104,0.0000e+00,-1.8966e-10,-2.3204e-08,-1.5790
0.0585,0.2464,0.1244,0.0000e+00,9.1465e-09,-2.1326e-08,-1.1656
0.0585,0.2390,0.1380,0.0000e+00,4.1973e-09,-2.2822e-08,-1.3889
0.0585,0.2309,0.1512,0.0000e+00,5.2206e-09,-2.2610e-08,-1.3439
0.0585,0.2221,0.1638,0.0000e+00,-1.8334e-08,1.4224e-08,-3.8014
0.0585,0.2126,0.1760,0.0000e+00,-1.3003e-08,1.9219e-08,-4.1176
0.0585,0.1760,0.2126,0.0000e+00,-2.1678e-08,-8.2782e-09,-2.7768
0.0585,0.1638,0.2221,0.0000e+00,1.2639e-08,-1.9461e-08,-0.9948
0.0585,0.1512,0.2309,0.0000e+00,1.1218e-08,-2.0313e-08,-1.0662
0.0585,0.1380,0.2390,0.0000e+00,2.1214e-08,-9.4044e-09,-0.4173
0.0585,0.1244,0.2464,0.0000e+00,2.3034e-08,-2.8122e-09,-0.1215
0.0585,0.1104,0.2529,0.0000e+00,2.2476e-08,5.7692e-09,0.2513
0.0585,0.0961,0.2587,0.0000e+00,2.2436e-08,5.9224e-09,0.2581
0.0585,0.0461,0.2721,0.0000e+00,1.1591e-08,2.0102e-08,1.0478
0.0585,0.0308,0.2743,0.0000e+00,1.4108e-08,1.8424e-08,0.9173
0.0585,0.0154,0.2756,0.0000e+00,-1.4066e-08,1.8455e-08,2.2220
0.0585,0.0000,0.2760,0.0000e+00,-1.0998e-08,2.0433e-08,2.0646
0.0585,-0.0154,0.2756,0.0000e+00,-1.0031e-08,2.0924e-08,2.0178
0.0585,-0.0308,0.2743,0.0000e+00,-6.6489e-09,2.2232e-08,1.8614
0.0585,-0.0461,0.2721,0.0000e+00,1.1046e-08,2.0407e-08,1.0746
0.0585,-0.0961,0.2587,0.0000e+00,6.9768e-09,2.2131e-08,1.2654
0.0585,-0.1104,0.2529,0.0000e+00,1.5192e-08,1.7540e-08,0.8570
0.0585,-0.1244,0.2464,0.0000e+00,-3.5995e-11,2.3205e-08,1.5723
0.0585,-0.1380,0.2390,0.0000e+00,1.2001e-08,1.9861e-08,1.0273
0.0585,-0.1512,0.2309,0.0000e+00,1.0090e-08,2.0896e-08,1.1209
0.0585,-0.1638,0.2221,0.0000e+00,9.7532e-09,2.1056e-08,1.1370
0.0585,-0.1760,0.2126,0.0000e+00,1.8199e-08,1.4396e-08,0.6693
0.0585,-0.2126,0.1760,0.0000e+00,2.3152e-08,1.5622e-09,0.0674
0.0585,-0.2221,0.1638,0.0000e+00,2.1263e-08,9.2918e-09,0.4120
0.0585,-0.2309,0.1512,0.0000e+00,1.8595e-09,2.3130e-08,1.4906
0.0585,-0.2390,0.1380,0.0000e+00,-9.1211e-09,-2.1337e-08,4.3084
0.0585,-0.2464,0.1244,0.0000e+00,7.3425e-09,2.2013e-08,1.2488
0.0585,-0.2529,0.1104,0.0000e+00,2.2750e-08,-4.5698e-09,6.0850
0.0585,-0.2587,0.0961,0.0000e+00,-1.8495e-08,-1.4014e-08,3.7900
0.0585,-0.2721,0.0461,0.0000e+00,1.6512e-08,1.6304e-08,-5.5041
0.0585,-0.2743,0.0308,0.0000e+00,-1.5459e-08,1.7306e-08,-3.9833
0.0585,-0.2756,0.0154,0.0000e+00,-1.5408e-08,1.7351e-08,-3.9862
0.0585,-0.2760,0.0000,0.0000e+00,-2.2103e-08,7.0662e-09,-3.4510
0.0585,-0.2756,-0.0154,0.0000e+00,-2.1494e-08,-8.7448e-09,-272.9322
0.0585,-0.2743,-0.0308,0.0000e+00,-1.7715e-08,1.4988e-08,-3.8438
0.0585,-0.2721,-0.0461,0.0000e+00,-2.3205e-08,1.0178e-10,-21.9955
0.0585,-0.2587,-0.0961,0.0000e+00,-1.3130e-08,-1.9133e-08,-2.1722
0.0585,-0.2529,-0.1104,0.0000e+00,-9.4995e-09,-2.1171e-08,-1.9926
0.0585,-0.2464,-0.1244,0.0000e+00,-1.3041e-08,-1.9194e-08,-2.1676
0.0585,-0.2390,-0.1380,0.0000e+00,-1.3196e-08,-1.9087e-08,-2.1757
0.0585,-0.2309,-0.1512,0.0000e+00,-7.3706e-09,-2.2003e-08,-1.8940
0.0585,-0.2221,-0.1638,0.0000e+00,-1.9610e-08,-1.2406e-08,3.7057
0.0585,-0.2126,-0.1760,0.0000e+00,1.4409e-09,-2.3160e-08,4.7745
0.0585,-0.1760,-0.2126,0.0000e+00,-1.3099e-08,1.9154e-08,2.1706
0.0585,-0.1638,-0.2221,0.0000e+00,2.0518e-09,2.3114e-08,1.4823
0.0585,-0.1512,-0.2309,0.0000e+00,2.7860e-09,2.3037e-08,1.4504
0.0585,-0.1380,-0.2390,0.0000e+00,1.2368e-08,1.9634e-08,1.0087
0.0585,-0.1244,-0.2464,0.0000e+00,1.8450e-08,1.4074e-08,0.6517
0.0585,-0.1104,-0.2529,0.0000e+00,2.1269e-08,9.2778e-09,0.4113
0.0585,-0.0961,-0.2587,0.0000e+00,2.3179e-08,1.0883e-09,0.0469
0.0585,-0.0461,-0.2721,0.0000e+00,2.2014e-08,7.3382e-09,0.3218
0.0585,-0.0308,-0.2743,0.0000e+00,2.1990e-08,7.4090e-09,0.3250
0.0585,-0.0154,-0.2756,0.0000e+00,2.1638e-08,8.3815e-09,0.3696
0.0585,-0.0000,-0.2760,0.0000e+00,2.0847e-08,1.0192e-08,0.4547
0.0585,0.0154,-0.2756,0.0000e+00,2.1758e-08,8.0657e-09,0.3550
0.0585,0.0308,-0.2743,0.0000e+00,2.2390e-08,6.0934e-09,0.2657
0.0585,0.0461,-0.2721,0.0000e+00,1.9351e-08,1.2806e-08,0.5846
0.0585,0.0961,-0.2587,0.0000e+00,1.5986e-08,1.6820e-08,0.8108
0.0585,0.1104,-0.2529,0.0000e+00,1.4008e-08,1.8500e-08,0.9227
0.0585,0.1244,-0.2464,0.0000e+00,1.7898e-08,1.4768e-08,0.6899
0.0585,0.1380,-0.2390,0.0000e+00,1.1039e-08,2.0411e-08,1.0750
0.0585,0.1512,-0.2309,0.0000e+00,1.6609e-08,1.6205e-08,0.7731
0.0585,0.1638,-0.2221,0.0000e+00,1.7726e-08,1.4975e-08,0.7015
0.0585,0.1760,-0.2126,0.0000e+00,2.0708e-08,-1.0470e-08,-0.4681
0.0585,0.2126,-0.1760,0.0000e+00,-2.0759e-08,-1.0370e-08,3.6049
0.0585,0.2221,-0.1638,0.0000e+00,-1.9930e-08,-1.1885e-08,3.6793
0.0585,0.2309,-0.1512,0.0000e+00,-2.2120e-08,7.0125e-09,2.8346
0.0585,0.2390,-0.1380,0.0000e+00,-1.7720e-08,-1.4983e-08,3.8435
0.0585,0.2464,-0.1244,0.0000e+00,-1.6881e-10,2.3204e-08,1.5781
0.0585,0.2529,-0.1104,0.0000e+00,-9.8999e-09,2.0987e-08,2.0116
0.0585,0.2587,-0.0961,0.0000e+00,-1.2333e-08,1.9656e-08,2.1311
0.1755,0.2721,-0.0461,0.0000e+00,5.9966e-09,2.2417e-08,-67.8056
0.1755,0.2743,-0.0308,0.0000e+00,8.8839e-09,2.1437e-08,1.1779
0.1755,0.2756,-0.0154,0.0000e+00,-7.8803e-09,2.1826e-08,-35.7818
0.1755,0.2760,0.0000,0.0000e+00,3.7666e-09,-2.2897e-08,-1.4078
0.1755,0.2756,0.0154,0.0000e+00,6.3854e-09,-2.2309e-08,-1.2920
0.1755,0.2743,0.0308,0.0000e+00,-2.1419e-08,8.9262e-09,-9.8196
0.1755,0.2721,0.0461,0.0000e+00,-1.0689e-08,-2.0596e-08,-2.0495
0.1755,0.2587,0.0961,0.0000e+00,-4.0862e-09,2.2842e-08,-4.5354
0.1755,0.2529,0.1104,0.0000e+00,-2.3190e-08,-8.3442e-10,-3.1056
0.1755,0.2464,0.1244,0.0000e+00,-5.1680e-09,2.2622e-08,-4.4878
0.1755,0.2390,0.1380,0.0000e+00,-1.6367e-08,1.6449e-08,-3.9295
0.1755,0.2309,0.1512,0.0000e+00,-1.9353e-08,1.2803e-08,-3.7261
0.1755,0.2221,0.1638,0.0000e+00,-1.2492e-08,1.9555e-08,-4.1439
0.1755,0.2126,0.1760,0.0000e+00,-1.3019e-08,1.9208e-08,-4.1167
0.1755,0.1760,0.2126,0.0000e+00,-1.3233e-08,-1.9062e-08,-2.1776
0.1755,0.1638,0.2221,0.0000e+00,-1.7393e-08,-1.5360e-08,-2.4182
0.1755,0.1512,0.2309,0.0000e+00,-2.2469e-08,-5.7975e-09,-2.8891
0.1755,0.1380,0.2390,0.0000e+00,-2.3069e-08,2.5099e-09,-3.2500
0.1755,0.1244,0.2464,0.0000e+00,-2.2556e-08,-5.4467e-09,-2.9047
0.1755,0.1104,0.2529,0.0000e+00,-2.3142e-08,1.7124e-09,-3.2155
0.1755,0.0961,0.2587,0.0000e+00,1.2030e-08,-1.9843e-08,-1.0258
0.1755,0.0461,0.2721,0.0000e+00,2.0575e-08,-1.0730e-08,-0.4807
0.1755,0.0308,0.2743,0.0000e+00,2.2091e-08,-7.1017e-09,-0.3110
0.1755,0.0154,0.2756,0.0000e+00,2.2771e-08,4.4671e-09,0.1937
0.1755,0.0000,0.2760,0.0000e+00,2.2609e-08,-5.2243e-09,-0.2271
0.1755,-0.0154,0.2756,0.0000e+00,1.7255e-08,1.5516e-08,0.7324
0.1755,-0.0308,0.2743,0.0000e+00,7.1375e-09,2.2080e-08,1.2581
0.1755,-0.0461,0.2721,0.0000e+00,1.1556e-08,2.0123e-08,1.0495
0.1755,-0.0961,0.2587,0.0000e+00,-2.2290e-08,-6.4503e-09,3.4233
0.1755,-0.1104,0.2529,0.0000e+00,-2.2063e-08,-7.1902e-09,3.4566
0.1755,-0.1244,0.2464,0.0000e+00,-1.4812e-08,-1.7862e-08,4.0201
0.1755,-0.1380,0.2390,0.0000e+00,-8.5543e-09,-2.1570e-08,4.3348
0.1755,-0.1512,0.2309,0.0000e+00,-1.8994e-08,-1.3330e-08,3.7535
0.1755,-0.1638,0.2221,0.0000e+00,-1.0530e-08,-2.0678e-08,4.2414
0.1755,-0.1760,0.2126,0.0000e+00,-1.0558e-08,-2.0664e-08,4.2400
0.1755,-0.2126,0.1760,0.0000e+00,8.5654e-09,2.1566e-08,1.1927
0.1755,-0.2221,0.1638,0.0000e+00,1.6121e-08,-1.6690e-08,-0.8027
0.1755,-0.2309,0.1512,0.0000e+00,-6.0570e-09,-2.2400e-08,-1.8349
0.1755,-0.2390,0.1380,0.0000e+00,-5.0153e-10,-2.3199e-08,-1.5924
0.1755,-0.2464,0.1244,0.0000e+00,-9.0967e-09,-2.1347e-08,-1.9736
0.1755,-0.2529,0.1104,0.0000e+00,-7.3931e-09,-2.1996e-08,-1.8951
0.1755,-0.2587,0.0961,0.0000e+00,4.5882e-09,-2.2747e-08,-1.3718
0.1755,-0.2721,0.0461,0.0000e+00,-1.4609e-08,-1.8029e-08,-2.2518
0.1755,-0.2743,0.0308,0.0000e+00,-1.1835e-08,1.9960e-08,-4.1772
0.1755,-0.2756,0.0154,0.0000e+00,1.6795e-09,2.3144e-08,-111.5990
0.1755,-0.2760,0.0000,0.0000e+00,-2.3001e-08,-3.0711e-09,47.2566
0.1755,-0.2756,-0.0154,0.0000e+00,-1.9255e-08,1.2950e-08,-41.4327
0.1755,-0.2743,-0.0308,0.0000e+00,-2.2025e-08,-7.3036e-09,3.4618
0.1755,-0.2721,-0.0461,0.0000e+00,-1.9648e-08,-1.2345e-08,3.7026
0.1755,-0.2587,-0.0961,0.0000e+00,9.4452e-11,2.3205e-08,1.5667
0.1755,-0.2529,-0.1104,0.0000e+00,-2.2058e-08,-7.2041e-09,3.4573
0.1755,-0.2464,-0.1244,0.0000e+00,-2.1579e-08,8.5339e-09,2.7650
0.1755,-0.2390,-0.1380,0.0000e+00,-1.7818e-08,-1.4866e-08,3.8369
0.1755,-0.2309,-0.1512,0.0000e+00,-2.1945e-08,-7.5411e-09,3.4726
0.1755,-0.2221,-0.1638,0.0000e+00,-2.0486e-08,-1.0899e-08,3.6305
0.1755,-0.2126,-0.1760,0.0000e+00,-2.2916e-08,-3.6523e-09,3.2996
0.1755,-0.1760,-0.2126,0.0000e+00,3.2087e-09,-2.2982e-08,4.8511
0.1755,-0.1638,-0.2221,0.0000e+00,2.5364e-09,-2.3066e-08,-1.4613
0.1755,-0.1512,-0.2309,0.0000e+00,1.8045e-08,-1.4589e-08,-0.6799
0.1755,-0.1380,-0.2390,0.0000e+00,1.8614e-08,-1.3855e-08,-0.6399
0.1755,-0.1244,-0.2464,0.0000e+00,2.1289e-08,-9.2334e-09,-0.4092
0.1755,-0.1104,-0.2529,0.0000e+00,1.9374e-08,-1.2772e-08,-0.5828
0.1755,-0.0961,-0.2587,0.0000e+00,1.7992e-08,-1.4654e-08,-0.6835
0.1755,-0.0461,-0.2721,0.0000e+00,2.2686e-08,-4.8774e-09,-0.2118
0.1755,-0.0308,-0.2743,0.0000e+00,2.3170e-08,-1.2629e-09,-0.0544
0.1755,-0.0154,-0.2756,0.0000e+00,2.3045e-08,-2.7158e-09,-0.1173
0.1755,-0.0000,-0.2760,0.0000e+00,2.3201e-08,-4.1140e-10,-0.0177
0.1755,0.0154,-0.2756,0.0000e+00,1.8476e-08,-1.4039e-08,-0.6498
0.1755,0.0308,-0.2743,0.0000e+00,1.9088e-08,-1.3196e-08,-0.6049
0.1755,0.0461,-0.2721,0.0000e+00,1.8745e-08,-1.3677e-08,-0.6303
0.1755,0.0961,-0.2587,0.0000e+00,2.3164e-08,-1.3766e-09,-0.0594
0.1755,0.1104,-0.2529,0.0000e+00,2.2753e-08,4.5573e-09,0.1977
0.1755,0.1244,-0.2464,0.0000e+00,1.3082e-08,1.9165e-08,0.9718
0.1755,0.1380,-0.2390,0.0000e+00,1.9162e-08,1.3088e-08,0.5992
0.1755,0.1512,-0.2309,0.0000e+00,5.2549e-09,2.2602e-08,1.3424
0.1755,0.1638,-0.2221,0.0000e+00,2.1031e-08,9.8052e-09,0.4363
0.1755,0.1760,-0.2126,0.0000e+00,1.5188e-08,1.7543e-08,0.8572
0.1755,0.2126,-0.1760,0.0000e+00,1.6637e-09,2.3145e-08,1.4990
0.1755,0.2221,-0.1638,0.0000e+00,-1.1114e-09,2.3178e-08,1.6187
0.1755,0.2309,-0.1512,0.0000e+00,-1.8095e-08,-1.4527e-08,3.8181
0.1755,0.2390,-0.1380,0.0000e+00,2.1603e-09,-2.3104e-08,4.8056
0.1755,0.2464,-0.1244,0.0000e+00,-1.0284e-08,-2.0802e-08,-2.0299
0.1755,0.2529,-0.1104,0.0000e+00,-3.7810e-09,-2.2895e-08,-1.7345
0.1755,0.2587,-0.0961,0.0000e+00,-1.8116e-09,2.3134e-08,-4.6342
