x[m],y[m],z[m],dirx[m^2A],diry[m^2A],dirz[m^2A],rotation_xy[rad]
-0.1755,0.2721,-0.0461,0.0000e+00,1.7995e-08,1.4650e-08,6.9665
-0.1755,0.2743,-0.0308,0.0000e+00,7.7119e-09,2.1886e-08,1.2320
-0.1755,0.2756,-0.0154,0.0000e+00,-3.9649e-09,2.2864e-08,1.7425
-0.1755,0.2760,0.0000,0.0000e+00,6.9382e-09,2.2143e-08,1.2672
-0.1755,0.2756,0.0154,0.0000e+00,-2.3722e-09,2.3083e-08,1.6732
-0.1755,0.2743,0.0308,0.0000e+00,-1.5613e-09,2.3152e-08,1.6381
-0.1755,0.2721,0.0461,0.0000e+00,2.9113e-09,2.3021e-08,1.4450
-0.1755,0.2587,0.0961,0.0000e+00,-1.7212e-08,1.5564e-08,2.4064
-0.1755,0.2529,0.1104,0.0000e+00,-1.6106e-08,1.6705e-08,2.3379
-0.1755,0.2464,0.1244,0.0000e+00,-9.3683e-09,2.1230e-08,1.9864
-0.1755,0.2390,0.1380,0.0000e+00,-2.0645e-08,1.0595e-08,2.6674
-0.1755,0.2309,0.1512,0.0000e+00,-1.2764e-08,1.9379e-08,2.1532
-0.1755,0.2221,0.1638,0.0000e+00,-1.8947e-08,1.3397e-08,2.5261
-0.1755,0.2126,0.1760,0.0000e+00,-1.0043e-08,2.0919e-08,2.0184
-0.1755,0.1760,0.2126,0.0000e+00,-1.4593e-08,1.8042e-08,2.2509
-0.1755,0.1638,0.2221,0.0000e+00,-8.5693e-10,2.3189e-08,1.6077
-0.1755,0.1512,0.2309,0.0000e+00,-1.4763e-08,1.7903e-08,2.2604
-0.1755,0.1380,0.2390,0.0000e+00,8.7344e-09,2.1498e-08,1.1849
-0.1755,0.1244,0.2464,0.0000e+00,2.8580e-09,2.3028e-08,1.4473
-0.1755,0.1104,0.2529,0.0000e+00,5.7341e-09,2.2485e-08,1.3211
-0.1755,0.0961,0.2587,0.0000e+00,5.4622e-09,2.2553e-08,1.3332
-0.1755,0.0461,0.2721,0.0000e+00,-1.3928e-08,1.8560e-08,2.2146
-0.1755,0.0308,0.2743,0.0000e+00,-2.2673e-08,-4.9371e-09,3.3560
-0.1755,0.0154,0.2756,0.0000e+00,-9.4754e-09,2.1182e-08,1.9914
-0.1755,0.0000,0.2760,0.0000e+00,-1.6569e-08,1.6246e-08,2.3660
-0.1755,-0.0154,0.2756,0.0000e+00,4.3264e-09,2.2798e-08,1.3833
-0.1755,-0.0308,0.2743,0.0000e+00,1.6305e-08,1.6511e-08,0.7917
-0.1755,-0.0461,0.2721,0.0000e+00,-2.0731e-08,1.0425e-08,2.6757
-0.1755,-0.0961,0.2587,0.0000e+00,-1.7944e-08,-1.4713e-08,3.8284
-0.1755,-0.1104,0.2529,0.0000e+00,5.6322e-09,2.2511e-08,1.3256
-0.1755,-0.1244,0.2464,0.0000e+00,1.1590e-08,2.0103e-08,1.0478
-0.1755,-0.1380,0.2390,0.0000e+00,9.9746e-09,2.0952e-08,1.1265
-0.1755,-0.1512,0.2309,0.0000e+00,6.8795e-09,2.2162e-08,1.2698
-0.1755,-0.1638,0.2221,0.0000e+00,9.5956e-09,2.1128e-08,1.1445
-0.1755,-0.1760,0.2126,0.0000e+00,4.5658e-09,2.2751e-08,1.3727
-0.1755,-0.2126,0.1760,0.0000e+00,1.8828e-08,1.3564e-08,0.6243
-0.1755,-0.2221,0.1638,0.0000e+00,1.9124e-08,1.3143e-08,0.6021
-0.1755,-0.2309,0.1512,0.0000e+00,1.8191e-08,1.4407e-08,0.6698
-0.1755,-0.2390,0.1380,0.0000e+00,1.9729e-08,1.2216e-08,0.5544
-0.1755,-0.2464,0.1244,0.0000e+00,2.0131e-08,1.1541e-08,0.5205
-0.1755,-0.2529,0.1104,0.0000e+00,2.1113e-08,9.6289e-09,0.4279
-0.1755,-0.2587,0.0961,0.0000e+00,8.7844e-09,2.1478e-08,1.1826
-0.1755,-0.2721,0.0461,0.0000e+00,-4.5366e-09,2.2757e-08,1.7676
-0.1755,-0.2743,0.0308,0.0000e+00,4.4426e-09,2.2776e-08,1.3782
-0.1755,-0.2756,0.0154,0.0000e+00,1.1399e-09,2.3177e-08,1.5217
-0.1755,-0.2760,0.0000,0.0000e+00,-5.7320e-09,2.2486e-08,1.8204
-0.1755,-0.2756,-0.0154,0.0000e+00,-6.5535e-09,2.2260e-08,1.8571
-0.1755,-0.2743,-0.0308,0.0000e+00,2.0266e-08,1.1303e-08,0.5088
-0.1755,-0.2721,-0.0461,0.0000e+00,-1.3000e-08,1.9222e-08,2.1654
-0.1755,-0.2587,-0.0961,0.0000e+00,-2.0242e-08,1.1346e-08,2.6307
-0.1755,-0.2529,-0.1104,0.0000e+00,-2.0474e-08,1.0922e-08,2.6515
-0.1755,-0.2464,-0.1244,0.0000e+00,-2.2154e-08,6.9029e-09,2.8395
-0.1755,-0.2390,-0.1380,0.0000e+00,-2.1395e-08,8.9841e-09,2.7440
-0.1755,-0.2309,-0.1512,0.0000e+00,-1.2063e-08,1.9823e-08,2.1175
-0.1755,-0.2221,-0.1638,0.0000e+00,-1.0380e-08,2.0754e-08,2.0345
-0.1755,-0.2126,-0.1760,0.0000e+00,-1.4757e-09,2.3158e-08,1.6344
-0.1755,-0.1760,-0.2126,0.0000e+00,-2.1686e-08,-8.2562e-09,3.5054
-0.1755,-0.1638,-0.2221,0.0000e+00,5.0807e-09,2.2642e-08,1.3501
-0.1755,-0.1512,-0.2309,0.0000e+00,-8.6482e-09,2.1533e-08,1.9527
-0.1755,-0.1380,-0.2390,0.0000e+00,1.4612e-08,1.8027e-08,0.8896
-0.1755,-0.1244,-0.2464,0.0000e+00,1.5241e-09,2.3155e-08,1.5051
-0.1755,-0.1104,-0.2529,0.0000e+00,1.1909e-08,1.9916e-08,1.0319
-0.1755,-0.0961,-0.2587,0.0000e+00,2.1826e-08,7.8791e-09,0.3464
-0.1755,-0.0461,-0.2721,0.0000e+00,1.5654e-08,1.7130e-08,0.8304
-0.1755,-0.0308,-0.2743,0.0000e+00,-2.3192e-08,7.6802e-10,9.3917
-0.1755,-0.0154,-0.2756,0.0000e+00,1.8133e-08,1.4480e-08,0.6739
-0.1755,-0.0000,-0.2760,0.0000e+00,1.1007e-08,2.0428e-08,1.0766
-0.1755,0.0154,-0.2756,0.0000e+00,1.0613e-08,2.0635e-08,1.0958
-0.1755,0.0308,-0.2743,0.0000e+00,1.6419e-08,1.6397e-08,0.7847
-0.1755,0.0461,-0.2721,0.0000e+00,1.8583e-08,1.3897e-08,0.6421
-0.1755,0.0961,-0.2587,0.0000e+00,5.7884e-09,2.2471e-08,1.3187
-0.1755,0.1104,-0.2529,0.0000e+00,1.2051e-09,2.3173e-08,1.5188
-0.1755,0.1244,-0.2464,0.0000e+00,3.5943e-09,2.2925e-08,1.4153
-0.1755,0.1380,-0.2390,0.0000e+00,9.5614e-10,2.3185e-08,1.5296
-0.1755,0.1512,-0.2309,0.0000e+00,7.1208e-09,2.2085e-08,1.2589
-0.1755,0.1638,-0.2221,0.0000e+00,-2.3707e-09,2.3083e-08,1.6731
-0.1755,0.1760,-0.2126,0.0000e+00,4.0443e-09,2.2850e-08,1.3956
-0.1755,0.2126,-0.1760,0.0000e+00,4.2681e-09,2.2809e-08,1.3858
-0.1755,0.2221,-0.1638,0.0000e+00,7.4105e-09,2.1990e-08,1.2458
-0.1755,0.2309,-0.1512,0.0000e+00,1.1768e-08,1.9999e-08,1.0389
-0.1755,0.2390,-0.1380,0.0000e+00,1.1629e-08,2.0081e-08,1.0459
-0.1755,0.2464,-0.1244,0.0000e+00,1.4743e-08,1.7919e-08,0.8823
-0.1755,0.2529,-0.1104,0.0000e+00,1.0982e-08,2.0442e-08,1.0778
-0.1755,0.2587,-0.0961,0.0000e+00,1.9499e-08,1.2580e-08,0.5730
-0.0585,0.2721,-0.0461,0.0000e+00,1.8434e-08,1.4094e-08,0.6528
-0.0585,0.2743,-0.0308,0.0000e+00,1.5094e-08,1.7625e-08,0.8626
-0.0585,0.2756,-0.0154,0.0000e+00,1.0124e-08,2.0880e-08,1.1193
-0.0585,0.2760,0.0000,0.0000e+00,1.0297e-09,2.3182e-08,1.5264
-0.0585,0.2756,0.0154,0.0000e+00,3.8339e-09,2.2886e-08,1.4048
-0.0585,0.2743,0.0308,0.0000e+00,4.0535e-09,2.2848e-08,1.3952
-0.0585,0.2721,0.0461,0.0000e+00,1.4716e-09,2.3158e-08,1.5073
-0.0585,0.2587,0.0961,0.0000e+00,-2.8061e-09,2.3034e-08,1.6920
-0.0585,0.2529,0.1104,0.0000e+00,-5.7354e-09,2.2485e-08,1.8205
-0.0585,0.2464,0.1244,0.0000e+00,-3.0514e-09,2.3003e-08,1.7027
-0.0585,0.2390,0.1380,0.0000e+00,1.5737e-09,2.3151e-08,1.5029
-0.0585,0.2309,0.1512,0.0000e+00,-1.0251e-08,2.0818e-08,2.0284
-0.0585,0.2221,0.1638,0.0000e+00,-3.0497e-09,2.3004e-08,1.7026
-0.0585,0.2126,0.1760,0.0000e+00,-6.8754e-09,2.2163e-08,1.8716
-0.0585,0.1760,0.2126,0.0000e+00,2.3230e-09,2.3088e-08,1.4705
-0.0585,0.1638,0.2221,0.0000e+00,5.4889e-09,2.2546e-08,1.3320
-0.0585,0.1512,0.2309,0.0000e+00,1.3497e-08,1.8876e-08,0.9501
-0.0585,0.1380,0.2390,0.0000e+00,9.5200e-09,2.1162e-08,1.1481
-0.0585,0.1244,0.2464,0.0000e+00,1.4301e-08,1.8274e-08,0.9068
-0.0585,0.1104,0.2529,0.0000e+00,1.0975e-08,2.0445e-08,1.0781
-0.0585,0.0961,0.2587,0.0000e+00,1.5952e-08,1.6852e-08,0.8128
-0.0585,0.0461,0.2721,0.0000e+00,9.9833e-09,2.0947e-08,1.1261
-0.0585,0.0308,0.2743,0.0000e+00,6.7127e-09,2.2213e-08,1.2773
-0.0585,0.0154,0.2756,0.0000e+00,-5.3276e-09,2.2585e-08,1.8025
-0.0585,0.0000,0.2760,0.0000e+00,-2.4969e-09,2.3070e-08,1.6786
-0.0585,-0.0154,0.2756,0.0000e+00,-4.2006e-09,2.2821e-08,1.7528
-0.0585,-0.0308,0.2743,0.0000e+00,-4.1241e-10,2.3201e-08,1.5886
-0.0585,-0.0461,0.2721,0.0000e+00,-1.2971e-08,1.9241e-08,2.1639
-0.0585,-0.0961,0.2587,0.0000e+00,-1.6558e-08,1.6257e-08,2.3654
-0.0585,-0.1104,0.2529,0.0000e+00,-1.2883e-08,1.9300e-08,2.1594
-0.0585,-0.1244,0.2464,0.0000e+00,-2.1157e-08,9.5304e-09,2.7184
-0.0585,-0.1380,0.2390,0.0000e+00,-8.4146e-10,2.3190e-08,1.6071
-0.0585,-0.1512,0.2309,0.0000e+00,-7.5706e-09,2.1935e-08,1.9031
-0.0585,-0.1638,0.2221,0.0000e+00,2.2607e-09,2.3094e-08,1.4732
-0.0585,-0.1760,0.2126,0.0000e+00,-1.0857e-08,2.0508e-08,2.0577
-0.0585,-0.2126,0.1760,0.0000e+00,1.8890e-08,1.3477e-08,0.6197
-0.0585,-0.2221,0.1638,0.0000e+00,1.1132e-08,2.0360e-08,1.0704
-0.0585,-0.2309,0.1512,0.0000e+00,1.6346e-08,1.6471e-08,0.7892
-0.0585,-0.2390,0.1380,0.0000e+00,1.5113e-08,1.7609e-08,0.8615
-0.0585,-0.2464,0.1244,0.0000e+00,1.9307e-08,1.2873e-08,0.5881
-0.0585,-0.2529,0.1104,0.0000e+00,1.6159e-08,1.6654e-08,0.8005
-0.0585,-0.2587,0.0961,0.0000e+00,1.9536e-08,1.2522e-08,0.5700
-0.0585,-0.2721,0.0461,0.0000e+00,8.5516e-09,2.1572e-08,1.1934
-0.0585,-0.2743,0.0308,0.0000e+00,8.2982e-09,2.1670e-08,1.2051
-0.0585,-0.2756,0.0154,0.0000e+00,1.9290e-09,2.3124e-08,1.4876
-0.0585,-0.2760,0.0000,0.0000e+00,-3.6276e-10,2.3202e-08,1.5864
-0.0585,-0.2756,-0.0154,0.0000e+00,-6.8963e-09,2.2156e-08,1.8725
-0.0585,-0.2743,-0.0308,0.0000e+00,4.2482e-10,2.3201e-08,1.5525
-0.0585,-0.2721,-0.0461,0.0000e+00,-6.3628e-09,2.2315e-08,1.8486
-0.0585,-0.2587,-0.0961,0.0000e+00,-1.9818e-08,1.2071e-08,2.5945
-0.0585,-0.2529,-0.1104,0.0000e+00,-2.1108e-08,9.6400e-09,2.7132
-0.0585,-0.2464,-0.1244,0.0000e+00,-2.1822e-08,7.8900e-09,2.7947
-0.0585,-0.2390,-0.1380,0.0000e+00,-2.1977e-08,7.4470e-09,2.8149
-0.0585,-0.2309,-0.1512,0.0000e+00,-1.0089e-09,2.3183e-08,1.6143
-0.0585,-0.2221,-0.1638,0.0000e+00,-7.3083e-09,2.2024e-08,1.8912
-0.0585,-0.2126,-0.1760,0.0000e+00,-5.3211e-09,2.2586e-08,1.8022
-0.0585,-0.1760,-0.2126,0.0000e+00,7.8206e-09,2.1847e-08,1.2270
-0.0585,-0.1638,-0.2221,0.0000e+00,7.1003e-09,2.2092e-08,1.2598
-0.0585,-0.1512,-0.2309,0.0000e+00,1.1649e-08,2.0069e-08,1.0449
-0.0585,-0.1380,-0.2390,0.0000e+00,1.1759e-08,2.0004e-08,1.0394
-0.0585,-0.1244,-0.2464,0.0000e+00,1.3061e-08,1.9180e-08,0.9730
-0.0585,-0.1104,-0.2529,0.0000e+00,2.0810e-08,1.0267e-08,0.4583
-0.0585,-0.0961,-0.2587,0.0000e+00,1.5773e-08,1.7020e-08,0.8234
-0.0585,-0.0461,-0.2721,0.0000e+00,1.3280e-08,1.9029e-08,0.9615
-0.0585,-0.0308,-0.2743,0.0000e+00,1.0573e-08,2.0656e-08,1.0977
-0.0585,-0.0154,-0.2756,0.0000e+00,8.4208e-09,2.1623e-08,1.1994
-0.0585,-0.0000,-0.2760,0.0000e+00,4.0806e-09,2.2843e-08,1.3940
-0.0585,0.0154,-0.2756,0.0000e+00,8.7611e-09,2.1487e-08,1.1836
-0.0585,0.0308,-0.2743,0.0000e+00,1.5687e-09,2.3152e-08,1.5031
-0.0585,0.0461,-0.2721,0.0000e+00,-3.6075e-09,2.2923e-08,1.7269
-0.0585,0.0961,-0.2587,0.0000e+00,-1.6109e-08,1.6702e-08,2.3381
-0.0585,0.1104,-0.2529,0.0000e+00,-1.3280e-08,1.9029e-08,2.1801
-0.0585,0.1244,-0.2464,0.0000e+00,-2.0151e-08,1.1506e-08,2.6228
-0.0585,0.1380,-0.2390,0.0000e+00,-1.7922e-08,1.4740e-08,2.4533
-0.0585,0.1512,-0.2309,0.0000e+00,-2.0279e-08,1.1280e-08,2.6340
-0.0585,0.1638,-0.2221,0.0000e+00,-2.1617e-08,8.4359e-09,2.7695
-0.0585,0.1760,-0.2126,0.0000e+00,-2.0721e-08,1.0445e-08,2.6747
-0.0585,0.2126,-0.1760,0.0000e+00,-7.6787e-09,2.1898e-08,1.9081
-0.0585,0.2221,-0.1638,0.0000e+00,-6.3965e-09,2.2306e-08,1.8501
-0.0585,0.2309,-0.1512,0.0000e+00,-5.3014e-10,2.3199e-08,1.5936
-0.0585,0.2390,-0.1380,0.0000e+00,-4.1946e-09,2.2823e-08,1.7526
-0.0585,0.2464,-0.1244,0.0000e+00,3.3149e-09,2.2967e-08,1.4275
-0.0585,0.2529,-0.1104,0.0000e+00,1.4502e-08,1.8115e-08,0.8957
-0.0585,0.2587,-0.0961,0.0000e+00,9.2594e-09,2.1277e-08,1.1603
0.0585,0.2721,-0.0461,0.0000e+00,6.4754e-09,2.2283e-08,1.2880
0.0585,0.2743,-0.0308,0.0000e+00,1.4816e-08,1.7859e-08,0.8783
0.0585,0.2756,-0.0154,0.0000e+00,9.6419e-09,2.1107e-08,1.1423
0.0585,0.2760,0.0000,0.0000e+00,9.2973e-09,2.1261e-08,1.1586
0.0585,0.2756,0.0154,0.0000e+00,6.4600e-09,2.2287e-08,1.2887
0.0585,0.2743,0.0308,0.0000e+00,2.7325e-09,2.3043e-08,1.4528
0.0585,0.2721,0.0461,0.0000e+00,-5.5272e-09,2.2537e-08,1.8113
0.0585,0.2587,0.0961,0.0000e+00,7.5089e-10,2.3193e-08,1.5384
0.0585,0.2529,0.1104,0.0000e+00,5.8486e-10,2.3197e-08,1.5456
0.0585,0.2464,0.1244,0.0000e+00,-5.5704e-09,2.2526e-08,1.8132
0.0585,0.2390,0.1380,0.0000e+00,4.0841e-09,2.2843e-08,1.3939
0.0585,0.2309,0.1512,0.0000e+00,3.9328e-09,2.2869e-08,1.4005
0.0585,0.2221,0.1638,0.0000e+00,2.5090e-09,2.3069e-08,1.4625
0.0585,0.2126,0.1760,0.0000e+00,5.4205e-11,2.3205e-08,1.5685
0.0585,0.1760,0.2126,0.0000e+00,1.1008e-08,2.0428e-08,1.0765
0.0585,0.1638,0.2221,0.0000e+00,1.1385e-08,2.0220e-08,1.0580
0.0585,0.1512,0.2309,0.0000e+00,1.3769e-08,1.8678e-08,0.9355
0.0585,0.1380,0.2390,0.0000e+00,1.8669e-08,1.3781e-08,0.6359
0.0585,0.1244,0.2464,0.0000e+00,1.6340e-08,1.6476e-08,0.7895
0.0585,0.1104,0.2529,0.0000e+00,1.7516e-08,1.5220e-08,0.7154
0.0585,0.0961,0.2587,0.0000e+00,1.5163e-08,1.7565e-08,0.8586
0.0585,0.0461,0.2721,0.0000e+00,7.4477e-09,2.1977e-08,1.2441
0.0585,0.0308,0.2743,0.0000e+00,8.4216e-09,2.1623e-08,1.1994
0.0585,0.0154,0.2756,0.0000e+00,5.1509e-09,2.2626e-08,1.3470
0.0585,0.0000,0.2760,0.0000e+00,-1.7459e-09,2.3139e-08,1.6461
0.0585,-0.0154,0.2756,0.0000e+00,-2.1817e-09,2.3102e-08,1.6650
0.0585,-0.0308,0.2743,0.0000e+00,-8.4265e-09,2.1621e-08,1.9424
0.0585,-0.0461,0.2721,0.0000e+00,-1.0918e-08,2.0476e-08,2.0606
0.0585,-0.0961,0.2587,0.0000e+00,-1.6010e-08,1.6797e-08,2.3322
0.0585,-0.1104,0.2529,0.0000e+00,-1.9231e-08,1.2986e-08,2.5477
0.0585,-0.1244,0.2464,0.0000e+00,-1.8184e-08,1.4415e-08,2.4713
0.0585,-0.1380,0.2390,0.0000e+00,-2.2053e-08,7.2198e-09,2.8252
0.0585,-0.1512,0.2309,0.0000e+00,-2.0878e-08,1.0127e-08,2.6900
0.0585,-0.1638,0.2221,0.0000e+00,-1.4366e-08,1.8223e-08,2.2384
0.0585,-0.1760,0.2126,0.0000e+00,-1.3748e-08,1.8694e-08,2.2049
0.0585,-0.2126,0.1760,0.0000e+00,1.4267e-09,2.3161e-08,1.5093
0.0585,-0.2221,0.1638,0.0000e+00,1.0111e-08,2.0886e-08,1.1200
0.0585,-0.2309,0.1512,0.0000e+00,1.1659e-08,2.0063e-08,1.0444
0.0585,-0.2390,0.1380,0.0000e+00,1.2934e-08,1.9266e-08,0.9796
0.0585,-0.2464,0.1244,0.0000e+00,1.9911e-08,1.1917e-08,0.5393
0.0585,-0.2529,0.1104,0.0000e+00,2.0492e-08,1.0888e-08,0.4884
0.0585,-0.2587,0.0961,0.0000e+00,2.2037e-08,7.2684e-09,0.3186
0.0585,-0.2721,0.0461,0.0000e+00,1.5032e-08,1.7677e-08,0.8661
0.0585,-0.2743,0.0308,0.0000e+00,1.2132e-08,1.9781e-08,1.0206
0.0585,-0.2756,0.0154,0.0000e+00,1.0527e-08,2.0679e-08,1.0999
0.0585,-0.2760,0.0000,0.0000e+00,8.1716e-09,2.1718e-08,1.2109
0.0585,-0.2756,-0.0154,0.0000e+00,6.7645e-09,2.2197e-08,1.2750
0.0585,-0.2743,-0.0308,0.0000e+00,5.5442e-09,2.2533e-08,1.3295
0.0585,-0.2721,-0.0461,0.0000e+00,-7.5273e-09,2.1950e-08,1.9012
0.0585,-0.2587,-0.0961,0.0000e+00,-1.5549e-08,1.7224e-08,2.3051
0.0585,-0.2529,-0.1104,0.0000e+00,-1.8320e-08,1.4243e-08,2.4807
0.0585,-0.2464,-0.1244,0.0000e+00,-1.5241e-08,1.7498e-08,2.2874
0.0585,-0.2390,-0.1380,0.0000e+00,-1.5630e-08,1.7151e-08,2.3098
0.0585,-0.2309,-0.1512,0.0000e+00,-2.2865e-08,3.9552e-09,2.9703
0.0585,-0.2221,-0.1638,0.0000e+00,-1.3140e-08,1.9126e-08,2.1728
0.0585,-0.2126,-0.1760,0.0000e+00,-1.0647e-08,2.0618e-08,2.0475
0.0585,-0.1760,-0.2126,0.0000e+00,4.3929e-09,2.2785e-08,1.3803
0.0585,-0.1638,-0.2221,0.0000e+00,1.2312e-09,2.3172e-08,1.5177
0.0585,-0.1512,-0.2309,0.0000e+00,1.1621e-08,2.0085e-08,1.0463
0.0585,-0.1380,-0.2390,0.0000e+00,1.5420e-08,1.7340e-08,0.8440
0.0585,-0.1244,-0.2464,0.0000e+00,1.8609e-08,1.3863e-08,0.6403
0.0585,-0.1104,-0.2529,0.0000e+00,2.1767e-08,8.0423e-09,0.3539
0.0585,-0.0961,-0.2587,0.0000e+00,1.7744e-08,1.4954e-08,0.7003
0.0585,-0.0461,-0.2721,0.0000e+00,1.7075e-08,1.5714e-08,0.7439
0.0585,-0.0308,-0.2743,0.0000e+00,1.5074e-08,1.7642e-08,0.8637
0.0585,-0.0154,-0.2756,0.0000e+00,1.2615e-08,1.9476e-08,0.9960
0.0585,-0.0000,-0.2760,0.0000e+00,6.0996e-09,2.2389e-08,1.3048
0.0585,0.0154,-0.2756,0.0000e+00,3.0720e-09,2.3001e-08,1.4380
0.0585,0.0308,-0.2743,0.0000e+00,6.0021e-09,2.2415e-08,1.3092
0.0585,0.0461,-0.2721,0.0000e+00,1.1873e-09,2.3174e-08,1.5196
0.0585,0.0961,-0.2587,0.0000e+00,-1.1600e-08,2.0097e-08,2.0943
0.0585,0.1104,-0.2529,0.0000e+00,-1.4971e-08,1.7729e-08,2.2720
0.0585,0.1244,-0.2464,0.0000e+00,-1.4476e-08,1.8135e-08,2.2445
0.0585,0.1380,-0.2390,0.0000e+00,-1.6835e-08,1.5970e-08,2.3826
0.0585,0.1512,-0.2309,0.0000e+00,-1.8957e-08,1.3382e-08,2.5269
0.0585,0.1638,-0.2221,0.0000e+00,-1.9873e-08,1.1980e-08,2.5991
0.0585,0.1760,-0.2126,0.0000e+00,-2.1610e-08,8.4532e-09,2.7687
0.0585,0.2126,-0.1760,0.0000e+00,-1.5712e-08,1.7077e-08,2.3146
0.0585,0.2221,-0.1638,0.0000e+00,-1.1377e-08,2.0224e-08,2.0832
0.0585,0.2309,-0.1512,0.0000e+00,-1.2577e-08,1.9500e-08,2.1436
0.0585,0.2390,-0.1380,0.0000e+00,-1.2240e-08,1.9714e-08,2.1264
0.0585,0.2464,-0.1244,0.0000e+00,-4.2679e-09,2.2809e-08,1.7558
0.0585,0.2529,-0.1104,0.0000e+00,7.5170e-09,2.1954e-08,1.2409
0.0585,0.2587,-0.0961,0.0000e+00,7.8827e-09,2.1825e-08,1.2242
0.1755,0.2721,-0.0461,0.0000e+00,1.4768e-08,1.7898e-08,0.8809
0.1755,0.2743,-0.0308,0.0000e+00,-3.3399e-09,2.2963e-08,1.7152
0.1755,0.2756,-0.0154,0.0000e+00,-4.3332e-09,2.2797e-08,1.7586
0.1755,0.2760,0.0000,0.0000e+00,4.1444e-09,2.2832e-08,1.3912
0.1755,0.2756,0.0154,0.0000e+00,2.8631e-09,2.3027e-08,1.4471
0.1755,0.2743,0.0308,0.0000e+00,-7.4860e-09,2.1964e-08,1.8993
0.1755,0.2721,0.0461,0.0000e+00,5.0730e-10,2.3199e-08,1.5489
0.1755,0.2587,0.0961,0.0000e+00,-1.9805e-09,2.3120e-08,1.6563
0.1755,0.2529,0.1104,0.0000e+00,-4.8183e-09,2.2699e-08,1.7800
0.1755,0.2464,0.1244,0.0000e+00,1.7191e-09,2.3141e-08,1.4966
0.1755,0.2390,0.1380,0.0000e+00,-4.1738e-09,2.2826e-08,1.7516
0.1755,0.2309,0.1512,0.0000e+00,-3.6010e-09,2.2924e-08,1.7266
0.1755,0.2221,0.1638,0.0000e+00,-2.5808e-09,2.3061e-08,1.6822
0.1755,0.2126,0.1760,0.0000e+00,4.5684e-09,2.2751e-08,1.3726
0.1755,0.1760,0.2126,0.0000e+00,1.1154e-08,2.0348e-08,1.0694
0.1755,0.1638,0.2221,0.0000e+00,4.3989e-09,2.2784e-08,1.3801
0.1755,0.1512,0.2309,0.0000e+00,9.2267e-09,2.1292e-08,1.1619
0.1755,0.1380,0.2390,0.0000e+00,8.5810e-09,2.1560e-08,1.1920
0.1755,0.1244,0.2464,0.0000e+00,1.4118e-08,1.8416e-08,0.9168
0.1755,0.1104,0.2529,0.0000e+00,1.2542e-08,1.9524e-08,0.9998
0.1755,0.0961,0.2587,0.0000e+00,2.2166e-08,6.8648e-09,0.3003
0.1755,0.0461,0.2721,0.0000e+00,-8.6721e-09,2.1523e-08,1.9538
0.1755,0.0308,0.2743,0.0000e+00,-1.1172e-08,2.0338e-08,2.0731
0.1755,0.0154,0.2756,0.0000e+00,-2.0134e-08,1.1536e-08,2.6213
0.1755,0.0000,0.2760,0.0000e+00,-1.1704e-08,2.0037e-08,2.0994
0.1755,-0.0154,0.2756,0.0000e+00,-1.3683e-08,1.8741e-08,2.2014
0.1755,-0.0308,0.2743,0.0000e+00,-2.0201e-08,1.1418e-08,2.6272
0.1755,-0.0461,0.2721,0.0000e+00,-2.0245e-08,1.1341e-08,2.6310
0.1755,-0.0961,0.2587,0.0000e+00,-2.3002e-08,-3.0596e-09,3.2738
0.1755,-0.1104,0.2529,0.0000e+00,-2.1992e-08,7.4024e-09,2.8169
0.1755,-0.1244,0.2464,0.0000e+00,-1.5647e-08,1.7136e-08,2.3108
0.1755,-0.1380,0.2390,0.0000e+00,-2.2848e-08,-4.0561e-09,3.3173
0.1755,-0.1512,0.2309,0.0000e+00,2.0695e-09,2.3112e-08,1.4815
0.1755,-0.1638,0.2221,0.0000e+00,-7.4952e-09,2.1961e-08,1.8997
0.1755,-0.1760,0.2126,0.0000e+00,3.5914e-09,2.2925e-08,1.4154
0.1755,-0.2126,0.1760,0.0000e+00,1.5258e-08,1.7483e-08,0.8533
0.1755,-0.2221,0.1638,0.0000e+00,2.0798e-08,1.0291e-08,0.4595
0.1755,-0.2309,0.1512,0.0000e+00,2.1172e-08,9.4983e-09,0.4217
0.1755,-0.2390,0.1380,0.0000e+00,1.7781e-08,1.4909e-08,0.6978
0.1755,-0.2464,0.1244,0.0000e+00,1.4744e-08,1.7919e-08,0.8823
0.1755,-0.2529,0.1104,0.0000e+00,1.9743e-08,1.2193e-08,0.5533
0.1755,-0.2587,0.0961,0.0000e+00,2.0034e-08,1.1710e-08,0.5289
0.1755,-0.2721,0.0461,0.0000e+00,1.9574e-08,1.2462e-08,0.5669
0.1755,-0.2743,0.0308,0.0000e+00,1.7026e-08,1.5766e-08,0.7470
0.1755,-0.2756,0.0154,0.0000e+00,1.4261e-08,1.8306e-08,0.9090
0.1755,-0.2760,0.0000,0.0000e+00,1.1296e-09,2.3177e-08,1.5221
0.1755,-0.2756,-0.0154,0.0000e+00,8.9047e-09,2.1428e-08,1.1770
0.1755,-0.2743,-0.0308,0.0000e+00,1.4693e-09,2.3158e-08,1.5074
0.1755,-0.2721,-0.0461,0.0000e+00,-4.6052e-09,2.2743e-08,1.7706
0.1755,-0.2587,-0.0961,0.0000e+00,-1.8227e-08,1.4362e-08,2.4742
0.1755,-0.2529,-0.1104,0.0000e+00,-1.8445e-08,1.4079e-08,2.4896
0.1755,-0.2464,-0.1244,0.0000e+00,-1.4992e-08,1.7712e-08,2.2732
0.1755,-0.2390,-0.1380,0.0000e+00,-1.3986e-08,1.8516e-08,2.2177
0.1755,-0.2309,-0.1512,0.0000e+00,-2.3168e-08,1.3139e-09,3.0849
0.1755,-0.2221,-0.1638,0.0000e+00,-1.9329e-08,1.2839e-08,2.5553
0.1755,-0.2126,-0.1760,0.0000e+00,-2.2930e-08,-3.5608e-09,3.2957
0.1755,-0.1760,-0.2126,0.0000e+00,-1.0369e-08,2.0759e-08,2.0340
0.1755,-0.1638,-0.2221,0.0000e+00,-8.7687e-09,2.1484e-08,1.9583
0.1755,-0.1512,-0.2309,0.0000e+00,-1.0566e-08,2.0660e-08,2.0435
0.1755,-0.1380,-0.2390,0.0000e+00,-3.1193e-09,2.2994e-08,1.7056
0.1755,-0.1244,-0.2464,0.0000e+00,1.2490e-08,1.9557e-08,1.0024
0.1755,-0.1104,-0.2529,0.0000e+00,4.5151e-09,2.2761e-08,1.3750
0.1755,-0.0961,-0.2587,0.0000e+00,1.9418e-08,1.2704e-08,0.5793
0.1755,-0.0461,-0.2721,0.0000e+00,2.0942e-08,9.9957e-09,0.4453
0.1755,-0.0308,-0.2743,0.0000e+00,2.0758e-08,1.0371e-08,0.4633
0.1755,-0.0154,-0.2756,0.0000e+00,1.9527e-08,1.2537e-08,0.5708
0.1755,-0.0000,-0.2760,0.0000e+00,1.9721e-08,1.2228e-08,0.5550
0.1755,0.0154,-0.2756,0.0000e+00,1.4963e-08,1.7736e-08,0.8700
0.1755,0.0308,-0.2743,0.0000e+00,1.7976e-08,1.4674e-08,0.6846
0.1755,0.0461,-0.2721,0.0000e+00,1.0137e-08,2.0873e-08,1.1187
0.1755,0.0961,-0.2587,0.0000e+00,1.3108e-08,1.9148e-08,0.9705
0.1755,0.1104,-0.2529,0.0000e+00,-4.4486e-09,2.2774e-08,1.7637
0.1755,0.1244,-0.2464,0.0000e+00,-2.2273e-09,2.3098e-08,1.6669
0.1755,0.1380,-0.2390,0.0000e+00,-7.2793e-10,2.3193e-08,1.6022
0.1755,0.1512,-0.2309,0.0000e+00,2.0751e-09,2.3112e-08,1.4813
0.1755,0.1638,-0.2221,0.0000e+00,1.1855e-09,2.3174e-08,1.5197
0.1755,0.1760,-0.2126,0.0000e+00,-4.2326e-09,2.2816e-08,1.7542
0.1755,0.2126,-0.1760,0.0000e+00,-1.3473e-08,1.8893e-08,2.1903
0.1755,0.2221,-0.1638,0.0000e+00,-7.8892e-09,2.1823e-08,1.9177
0.1755,0.2309,-0.1512,0.0000e+00,1.1512e-08,2.0148e-08,1.0517
0.1755,0.2390,-0.1380,0.0000e+00,1.4640e-08,1.8004e-08,0.8881
0.1755,0.2464,-0.1244,0.0000e+00,-4.7717e-09,2.2709e-08,1.7779
0.1755,0.2529,-0.1104,0.0000e+00,-1.1532e-09,2.3176e-08,1.6205
0.1755,0.2587,-0.0961,0.0000e+00,1.4474e-08,1.8137e-08,0.8973
